   0.00000000000000000000000000000000000         0.00000000000000000000000000000000000         3.15576004213391492214668687665835023E-0003   22.4643417236839193336591954696704278         0.00000000000000000000000000000000000         22.4674974837260532485813421565470862      
   1.00000000000000000000000000000000000         0.00000000000000000000000000000000000         3.15576004213391492214668687665835023E-0003   19.0604939731827852468195232642080977         0.00000000000000000000000000000000000         19.0636497332249191617416699510847560      
   2.00000000000000000000000000000000000         0.00000000000000000000000000000000000         3.15576004213391492214668687665835023E-0003   16.2030848327141051862738789099892988         0.00000000000000000000000000000000000         16.2062405927562391011960255968659572      
   3.00000000000000000000000000000000000         0.00000000000000000000000000000000000         3.15576004213391492214668687665835023E-0003   13.8206680297655378844520080416539389         0.00000000000000000000000000000000000         13.8238237898076717993741547285305973      
   4.00000000000000000000000000000000000         0.00000000000000000000000000000000000         3.15576004213391492214668687665835023E-0003   11.8488058162961199119998780029570431         0.00000000000000000000000000000000000         11.8519615763382538269220246898337015      
   5.00000000000000000000000000000000000         0.00000000000000000000000000000000000         3.15576004213391492214668687665835023E-0003   10.2298183207438533542059669312149683         0.00000000000000000000000000000000000         10.2329740807859872691281136180916267      
   6.00000000000000000000000000000000000         0.00000000000000000000000000000000000         3.15576004213391492214668687665835023E-0003   8.91236997556336985877178439388261247         0.00000000000000000000000000000000000         8.91552573560550377369393108075927082      
   7.00000000000000000000000000000000000         0.00000000000000000000000000000000000         3.15576004213391492214668687665835023E-0003   7.85089839654089423555378181755329899         0.00000000000000000000000000000000000         7.85405415658302815047592850442995734      
   8.00000000000000000000000000000000000         0.00000000000000000000000000000000000         3.15576004213391492214668687665835023E-0003   7.00491168497455259669983079795457936         0.00000000000000000000000000000000000         7.00806744501668651162197748483123771      
   9.00000000000000000000000000000000000         0.00000000000000000000000000000000000         3.46819895044040853497351387287732849         2.87314892670559081006553708940959202         0.00000000000000000000000000000000000         6.34134787714599934503905096228692051      
   10.0000000000000000000000000000000000         0.00000000000000000000000000000000000         5.29191130813438108850754288093360768        0.529191130813438108850754288093355818         0.00000000000000000000000000000000000         5.82110243894781919735829716902696321      
   11.0000000000000000000000000000000000         0.00000000000000000000000000000000000         4.85439384147581926934623807728750621        0.485439384147581926934623807728746114         0.00000000000000000000000000000000000         5.33983322562340119628086188501625251      
   12.0000000000000000000000000000000000         0.00000000000000000000000000000000000         4.44995077551330704758426081474738858        0.444995077551330704758426081474744338         0.00000000000000000000000000000000000         4.89494585306463775234268689622213268      
   13.0000000000000000000000000000000000         0.00000000000000000000000000000000000         4.07635756247377538340740973458939633        0.407635756247377538340740973458935001         0.00000000000000000000000000000000000         4.48399331872115292174815070804833158      
   14.0000000000000000000000000000000000         0.00000000000000000000000000000000000         3.73151751509667362923039120046774199        0.373151751509667362923039120046775336         0.00000000000000000000000000000000000         4.10466926660634099215343032051451762      
   15.0000000000000000000000000000000000         0.00000000000000000000000000000000000         3.41345587523570863703367886934981119        0.341345587523570863703367886934983459         0.00000000000000000000000000000000000         3.75480146275927950073704675628479451      
   16.0000000000000000000000000000000000         0.00000000000000000000000000000000000         3.12031408103266464379239150306803867        0.312031408103266464379239150306800641         0.00000000000000000000000000000000000         3.43234548913593110817163065337483927      
   17.0000000000000000000000000000000000         0.00000000000000000000000000000000000         2.85034423547817973647182223943286159        0.285034423547817973647182223943287873         0.00000000000000000000000000000000000         3.13537865902599771011900446337614937      
   18.0000000000000000000000000000000000         0.00000000000000000000000000000000000         2.60190377573181365988567272666157291        0.260190377573181365988567272666155298         0.00000000000000000000000000000000000         2.86209415330499502587423999932772816      
   19.0000000000000000000000000000000000         0.00000000000000000000000000000000000         2.37345034002778055034409497360428710        0.237345034002778055034409497360432254         0.00000000000000000000000000000000000         2.61079537403055860537850447096471916      
   20.0000000000000000000000000000000000         0.00000000000000000000000000000000000         2.16353682723070257179818136178975694        0.216353682723070257179818136178974529         0.00000000000000000000000000000000000         2.37989050995377282897799949796873152      
   21.0000000000000000000000000000000000         0.00000000000000000000000000000000000         1.97080664300616533581252863235799797        0.197080664300616533581252863235798155         0.00000000000000000000000000000000000         2.16788730730678186939378149559379605      
   22.0000000000000000000000000000000000         0.00000000000000000000000000000000000         1.79398912601096428558098041344914352        0.179398912601096428558098041344913721         0.00000000000000000000000000000000000         1.97338803861206071413907845479405722      
   23.0000000000000000000000000000000000         0.00000000000000000000000000000000000         1.63189514736967455835793380353598953        0.163189514736967455835793380353599598         0.00000000000000000000000000000000000         1.79508466210664201419372718388958908      
   24.0000000000000000000000000000000000         0.00000000000000000000000000000000000         1.48341287687861213502808416815752026        0.148341287687861213502808416815752522         0.00000000000000000000000000000000000         1.63175416456647334853089258497327271      
   25.0000000000000000000000000000000000         0.00000000000000000000000000000000000         1.34750370976849859516260150013301463        0.134750370976849859516260150013301150         0.00000000000000000000000000000000000         1.48225408074534845467886165014631580      
   26.0000000000000000000000000000000000         0.00000000000000000000000000000000000         1.22319834838006976391605291469981111        0.122319834838006976391605291469981232         0.00000000000000000000000000000000000         1.34551818321807674030765820616979232      
   27.0000000000000000000000000000000000         0.00000000000000000000000000000000000         1.10959303369375539044272089935351962        0.110959303369375539044272089935352280         0.00000000000000000000000000000000000         1.22055233706313092948699298928887186      
   28.0000000000000000000000000000000000         0.00000000000000000000000000000000000         1.00584592225088425218619706376287283        0.100584592225088425218619706376287218         0.00000000000000000000000000000000000         1.10643051447597267740481677013916003      
   29.0000000000000000000000000000000000         0.00000000000000000000000000000000000        0.911173604568496728037654620240548133         9.11173604568496728037654620240544378E-0002   0.00000000000000000000000000000000000         1.00229096502534640084142008226460252      
   30.0000000000000000000000000000000000         0.00000000000000000000000000000000000        0.824847761653743759938392466022541484         8.24847761653743759938392466022539895E-0002   0.00000000000000000000000000000000000        0.907332537819118135932231712624795449      
   31.0000000000000000000000000000000000         0.00000000000000000000000000000000000        0.746191956648550982801700455324511503         7.46191956648550982801700455324508975E-0002   0.00000000000000000000000000000000000        0.820811152313406081081870500856962364      
   32.0000000000000000000000000000000000         0.00000000000000000000000000000000000        0.674578558971151543820145792361996710         6.74578558971151543820145792361998660E-0002   0.00000000000000000000000000000000000        0.742036414868266698202160371598196564      
   33.0000000000000000000000000000000000         0.00000000000000000000000000000000000        0.609425798565855088710729900892637383         6.09425798565855088710729900892637792E-0002   0.00000000000000000000000000000000000        0.670368378422440597581802890981901150      
   34.0000000000000000000000000000000000         0.00000000000000000000000000000000000        0.550194948029202833221356202840544305         5.50194948029202833221356202840548698E-0002   0.00000000000000000000000000000000000        0.605214442832123116543491823124599217      
   35.0000000000000000000000000000000000         0.00000000000000000000000000000000000        0.496387630456706786912381136607683926         4.96387630456706786912381136607680231E-0002   0.00000000000000000000000000000000000        0.546026393502377465603619250268451967      
   36.0000000000000000000000000000000000         0.00000000000000000000000000000000000        0.447543250859674172478645574268807992         4.47543250859674172478645574268807751E-0002   0.00000000000000000000000000000000000        0.492297575945641589726510131695688791      
   37.0000000000000000000000000000000000         0.00000000000000000000000000000000000        0.403236548947773604975732767898946493         4.03236548947773604975732767898945794E-0002   0.00000000000000000000000000000000000        0.443560203842550965473306044688841060      
   38.0000000000000000000000000000000000         0.00000000000000000000000000000000000        0.363075270972280243643110842495629726         3.63075270972280243643110842495626031E-0002   0.00000000000000000000000000000000000        0.399382798069508268007421926745192323      
   39.0000000000000000000000000000000000         0.00000000000000000000000000000000000        0.326697958189551402539756422921512730         3.26697958189551402539756422921513909E-0002   0.00000000000000000000000000000000000        0.359367754008506542793732065213664133      
   40.0000000000000000000000000000000000         0.00000000000000000000000000000000000        0.293771849345819069768089892554887247         2.93771849345819069768089892554886976E-0002   0.00000000000000000000000000000000000        0.323149034280400976744898881810375948      
   41.0000000000000000000000000000000000         0.00000000000000000000000000000000000        0.263990894413412560048648236317615238         2.63990894413412560048648236317615611E-0002   0.00000000000000000000000000000000000        0.290389983854753816053513059949376781      
   42.0000000000000000000000000000000000         0.00000000000000000000000000000000000        0.237073876634344662838869784126113769         2.37073876634344662838869784126114533E-0002   0.00000000000000000000000000000000000        0.260781264297779129122756762538725213      
   43.0000000000000000000000000000000000         0.00000000000000000000000000000000000        0.212762639757704174118244388161442231         2.12762639757704174118244388161441214E-0002   0.00000000000000000000000000000000000        0.234038903733474591530068826977586343      
   44.0000000000000000000000000000000000         0.00000000000000000000000000000000000        0.190820417198945862566308433462562069         1.90820417198945862566308433462562466E-0002   0.00000000000000000000000000000000000        0.209902458918840448822939276808818321      
   45.0000000000000000000000000000000000         0.00000000000000000000000000000000000        0.171030259706989999851058109989981211         1.71030259706989999851058109989981391E-0002   0.00000000000000000000000000000000000        0.188133285677688999836163920988979356      
   46.0000000000000000000000000000000000         0.00000000000000000000000000000000000        0.153193558002742188293058354424877895         1.53193558002742188293058354424878418E-0002   0.00000000000000000000000000000000000        0.168512913803016407122364189867365727      
   47.0000000000000000000000000000000000         0.00000000000000000000000000000000000        0.137128656752716989442868258771531575         1.37128656752716989442868258771530931E-0002   0.00000000000000000000000000000000000        0.150841522427988688387155084648684665      
   48.0000000000000000000000000000000000         0.00000000000000000000000000000000000        0.122669556165328188632526361398028583         1.22669556165328188632526361398028932E-0002   0.00000000000000000000000000000000000        0.134936511781861007495778997537831464      
   49.0000000000000000000000000000000000         0.00000000000000000000000000000000000        0.109664697445616587565868354564539563         1.09664697445616587565868354564539383E-0002   0.00000000000000000000000000000000000        0.120631167190178246322455190020993502      
   50.0000000000000000000000000000000000         0.00000000000000000000000000000000000         9.79758283164900795878797672615634005E-0002   9.79758283164900795878797672615629582E-0003   0.00000000000000000000000000000000000        0.107773411148139087546667743987719701      
   51.0000000000000000000000000000000000         0.00000000000000000000000000000000000         8.74769448101118441392070322224857353E-0002   8.74769448101118441392070322224859339E-0003   0.00000000000000000000000000000000000         9.62246392911230285531277354447343256E-0002
   52.0000000000000000000000000000000000         0.00000000000000000000000000000000000         7.80533055505854050788098398111821718E-0002   7.80533055505854050788098398111823614E-0003   0.00000000000000000000000000000000000         8.58586361056439455866908237923004034E-0002
   53.0000000000000000000000000000000000         0.00000000000000000000000000000000000         6.96005147869030216310686400346037963E-0002   6.96005147869030216310686400346035541E-0003   0.00000000000000000000000000000000000         7.65605662655933237941755040380641495E-0002
   54.0000000000000000000000000000000000         0.00000000000000000000000000000000000         6.20236704913676051984929382172075243E-0002   6.20236704913676051984929382172079757E-0003   0.00000000000000000000000000000000000         6.82260375405043657183422320389283249E-0002
   55.0000000000000000000000000000000000         0.00000000000000000000000000000000000         5.52365739113512981207433424825356456E-0002   5.52365739113512981207433424825353658E-0003   0.00000000000000000000000000000000000         6.07602313024864279328176767307891807E-0002
   56.0000000000000000000000000000000000         0.00000000000000000000000000000000000         4.91609970492393703897967091936936512E-0002   4.91609970492393703897967091936939657E-0003   0.00000000000000000000000000000000000         5.40770967541633074287763801130630500E-0002
   57.0000000000000000000000000000000000         0.00000000000000000000000000000000000         4.37260046446529087730999448542490502E-0002   4.37260046446529087730999448542488666E-0003   0.00000000000000000000000000000000000         4.80986051091181996504099393396739353E-0002
   58.0000000000000000000000000000000000         0.00000000000000000000000000000000000         3.88673273425275581454559697919281597E-0002   3.88673273425275581454559697919281785E-0003   0.00000000000000000000000000000000000         4.27540600767803139600015667711209787E-0002
   59.0000000000000000000000000000000000         0.00000000000000000000000000000000000         3.45267828484183745540063017521673876E-0002   3.45267828484183745540063017521674297E-0003   0.00000000000000000000000000000000000         3.79794611332602120094069319273841276E-0002
   60.0000000000000000000000000000000000         0.00000000000000000000000000000000000         3.06517419966899628544639105551064743E-0002   3.06517419966899628544639105551065420E-0003   0.00000000000000000000000000000000000         3.37169161963589591399103016106171308E-0002
   61.0000000000000000000000000000000000         0.00000000000000000000000000000000000         2.71946367863589638474771227900658495E-0002   2.71946367863589638474771227900656704E-0003   0.00000000000000000000000000000000000         2.99141004649948602322248350690724173E-0002
   62.0000000000000000000000000000000000         0.00000000000000000000000000000000000         2.41125075717507510647985132469828085E-0002   2.41125075717507510647985132469827687E-0003   0.00000000000000000000000000000000000         2.65237583289258261712783645716810843E-0002
   63.0000000000000000000000000000000000         0.00000000000000000000000000000000000         2.13665867294321765517953064773277937E-0002   2.13665867294321765517953064773279780E-0003   0.00000000000000000000000000000000000         2.35032454023753942069748371250605926E-0002
   64.0000000000000000000000000000000000         0.00000000000000000000000000000000000         1.89219162578555900422158877186779235E-0002   1.89219162578555900422158877186779555E-0003   0.00000000000000000000000000000000000         2.08141078836411490464374764905457204E-0002
   65.0000000000000000000000000000000000         0.00000000000000000000000000000000000         1.67469969007105075772941158264921047E-0002   1.67469969007105075772941158264921408E-0003   0.00000000000000000000000000000000000         1.84216965907815583350235274091413202E-0002
   66.0000000000000000000000000000000000         0.00000000000000000000000000000000000         1.48134665181823002304455179632381735E-0002   1.48134665181823002304455179632381042E-0003   0.00000000000000000000000000000000000         1.62948131700005302534900697595619831E-0002
   67.0000000000000000000000000000000000         0.00000000000000000000000000000000000         1.30958055613476683585850303049936429E-0002   1.30958055613476683585850303049937049E-0003   0.00000000000000000000000000000000000         1.44053861174824351944435333354930132E-0002
   68.0000000000000000000000000000000000         0.00000000000000000000000000000000000         1.15710676331021176350038740249164500E-0002   1.15710676331021176350038740249164285E-0003   0.00000000000000000000000000000000000         1.27281743964123293985042614274080930E-0002
   69.0000000000000000000000000000000000         0.00000000000000000000000000000000000         1.02186332437349173728967480358688882E-0002   1.02186332437349173728967480358688972E-0003   0.00000000000000000000000000000000000         1.12404965681084091101864228394557779E-0002
   70.0000000000000000000000000000000000         0.00000000000000000000000000000000000         9.01998499006376150448794416949891732E-0003   9.01998499006376150448794416949892936E-0004   0.00000000000000000000000000000000000         9.92198348907013765493673858644880950E-0003
   71.0000000000000000000000000000000000         0.00000000000000000000000000000000000         7.95850250352805485444663667515938769E-0003   7.95850250352805485444663667515941928E-0004   0.00000000000000000000000000000000000         8.75435275388086033989130034267532886E-0003
   72.0000000000000000000000000000000000         0.00000000000000000000000000000000000         7.01927562451199083912446638322876244E-0003   7.01927562451199083912446638322876508E-0004   0.00000000000000000000000000000000000         7.72120318696318992303691302155163914E-0003
   73.0000000000000000000000000000000000         0.00000000000000000000000000000000000         6.18893436719481850747128803492079543E-0003   6.18893436719481850747128803492075819E-0004   0.00000000000000000000000000000000000         6.80782780391430035821841683841287144E-0003
   74.0000000000000000000000000000000000         0.00000000000000000000000000000000000         5.45549434123862244050201272026425475E-0003   5.45549434123862244050201272026425400E-0004   0.00000000000000000000000000000000000         6.00104377536248468455221399229068015E-0003
   75.0000000000000000000000000000000000         0.00000000000000000000000000000000000         4.80821639351258681782202033413002276E-0003   4.80821639351258681782202033413002003E-0004   0.00000000000000000000000000000000000         5.28903803286384549960422236754302443E-0003
   76.0000000000000000000000000000000000         0.00000000000000000000000000000000000         4.23747932475520060585803806954421714E-0003   4.23747932475520060585803806954423369E-0004   0.00000000000000000000000000000000000         4.66122725723072066644384187649864051E-0003
   77.0000000000000000000000000000000000         0.00000000000000000000000000000000000         3.73466462257285166851669170719161675E-0003   3.73466462257285166851669170719161590E-0004   0.00000000000000000000000000000000000         4.10813108483013683536836087791077838E-0003
   78.0000000000000000000000000000000000         0.00000000000000000000000000000000000         3.29205223348211806709393893444006364E-0003   3.29205223348211806709393893444007755E-0004   0.00000000000000000000000000000000000         3.62125745683032987380333282788407139E-0003
   79.0000000000000000000000000000000000         0.00000000000000000000000000000000000         2.90272647287265071652798458831288973E-0003   2.90272647287265071652798458831287129E-0004   0.00000000000000000000000000000000000         3.19299912015991578818078304714417686E-0003
   80.0000000000000000000000000000000000         0.00000000000000000000000000000000000         2.56049124287360269701331200180717777E-0003   2.56049124287360269701331200180717748E-0004   0.00000000000000000000000000000000000         2.81654036716096296671464320198789565E-0003
   81.0000000000000000000000000000000000         0.00000000000000000000000000000000000         2.25979379424770581806206052477011370E-0003   2.25979379424770581806206052477011681E-0004   0.00000000000000000000000000000000000         2.48577317367247639986826657724712534E-0003
   82.0000000000000000000000000000000000         0.00000000000000000000000000000000000         1.99565632973127221320613833479701942E-0003   1.99565632973127221320613833479703259E-0004   0.00000000000000000000000000000000000         2.19522196270439943452675216827672287E-0003
   83.0000000000000000000000000000000000         0.00000000000000000000000000000000000         1.76361480281983998828329996893838005E-0003   1.76361480281983998828329996893837144E-0004   0.00000000000000000000000000000000000         1.93997628310182398711162996583221726E-0003
   84.0000000000000000000000000000000000         0.00000000000000000000000000000000000         1.55966431801576819861327865477581671E-0003   1.55966431801576819861327865477581822E-0004   0.00000000000000000000000000000000000         1.71563074981734501847460652025339844E-0003
   85.0000000000000000000000000000000000         0.00000000000000000000000000000000000         1.38021058616508491413826524937233381E-0003   1.38021058616508491413826524937233155E-0004   0.00000000000000000000000000000000000         1.51823164478159340555209177430956697E-0003
   86.0000000000000000000000000000000000         0.00000000000000000000000000000000000         1.22202693188502433242641712064411923E-0003   1.22202693188502433242641712064411782E-0004   0.00000000000000000000000000000000000         1.34422962507352676566905883270853096E-0003
   87.0000000000000000000000000000000000         0.00000000000000000000000000000000000         1.08221638939748928610082599939187876E-0003   1.08221638939748928610082599939187834E-0004   0.00000000000000000000000000000000000         1.19043802833723821471090859933106652E-0003
   88.0000000000000000000000000000000000         0.00000000000000000000000000000000000         9.58178458520104457279949607831007322E-0004   9.58178458520104457279949607831007510E-0005   0.00000000000000000000000000000000000         1.05399630437211490300794456861410807E-0003
   89.0000000000000000000000000000000000         0.00000000000000000000000000000000000         8.47580124313803370296858834924067065E-0004   8.47580124313803370296858834924069016E-0005   0.00000000000000000000000000000000000         9.32338136745183707326544718416473931E-0004
   90.0000000000000000000000000000000000         0.00000000000000000000000000000000000         7.48330772136523600599632819074345723E-0004   7.48330772136523600599632819074348567E-0005   0.00000000000000000000000000000000000         8.23163849350175960659596100981780568E-0004
   91.0000000000000000000000000000000000         0.00000000000000000000000000000000000         6.58560654802547718132592232485431959E-0004   6.58560654802547718132592232485434381E-0005   0.00000000000000000000000000000000000         7.24416720282802489945851455733975409E-0004
   92.0000000000000000000000000000000000         0.00000000000000000000000000000000000         5.76602590395102217929560881237869733E-0004   5.76602590395102217929560881237869686E-0005   0.00000000000000000000000000000000000         6.34262849434612439722516969361656725E-0004
   93.0000000000000000000000000000000000         0.00000000000000000000000000000000000         5.00976588227041954247872632538836935E-0004   5.00976588227041954247872632538835289E-0005   0.00000000000000000000000000000000000         5.51074247049746149672659895792720440E-0004
   94.0000000000000000000000000000000000         0.00000000000000000000000000000000000         4.30377116693628118190190127148500408E-0004   4.30377116693628118190190127148500713E-0005   0.00000000000000000000000000000000000         4.73414828362990930009209139863350467E-0004
   95.0000000000000000000000000000000000         0.00000000000000000000000000000000000         3.63662740516804545914311831535142617E-0004   3.63662740516804545914311831535143016E-0005   0.00000000000000000000000000000000000         4.00029014568485000505743014688656907E-0004
   96.0000000000000000000000000000000000         0.00000000000000000000000000000000000         2.99847866347366962827408304253444321E-0004   2.99847866347366962827408304253444691E-0005   0.00000000000000000000000000000000000         3.29832652982103659110149134678788805E-0004
   97.0000000000000000000000000000000000         0.00000000000000000000000000000000000         2.38096345076262134404169350790297046E-0004   2.38096345076262134404169350790296617E-0005   0.00000000000000000000000000000000000         2.61905979583888347844586285869326711E-0004
   98.0000000000000000000000000000000000         0.00000000000000000000000000000000000         1.77716686715894389271147466576271750E-0004   1.77716686715894389271147466576271198E-0005   0.00000000000000000000000000000000000         1.95488355387483828198262213233898876E-0004
   99.0000000000000000000000000000000000         0.00000000000000000000000000000000000         1.18158649554228806084564453628099309E-0004   1.18158649554228806084564453628098883E-0005   0.00000000000000000000000000000000000         1.29974514509651686693020898990909205E-0004
   100.000000000000000000000000000000000         0.00000000000000000000000000000000000         5.90109696665366685639547925077245275E-0005   5.90109696665366685639547925077245055E-0006   0.00000000000000000000000000000000000         6.49120666331903354203502717584969832E-0005
   101.000000000000000000000000000000000         0.00000000000000000000000000000000000         0.00000000000000000000000000000000000         0.00000000000000000000000000000000000         0.00000000000000000000000000000000000         0.00000000000000000000000000000000000      
