   0.00000000000000000000000000000000000         0.00000000000000000000000000000000000         3.15576004213391492214668687665835023E-0003   96.0137813969498299989210312268401223         0.00000000000000000000000000000000000         96.0169371569919639138431779137167807      
   1.00000000000000000000000000000000000         0.00000000000000000000000000000000000         3.15576004213391492214668687665835023E-0003   88.6260432974736875139749623724646890         0.00000000000000000000000000000000000         88.6291990575158214288971090593413473      
   2.00000000000000000000000000000000000         0.00000000000000000000000000000000000         3.15576004213391492214668687665835023E-0003   81.8250210954794720421528331370388719         0.00000000000000000000000000000000000         81.8281768555216059570749798239155302      
   3.00000000000000000000000000000000000         0.00000000000000000000000000000000000         3.15576004213391492214668687665835023E-0003   75.5739882888200783626769729977439928         0.00000000000000000000000000000000000         75.5771440488622122775991196846206512      
   4.00000000000000000000000000000000000         0.00000000000000000000000000000000000         3.15576004213391492214668687665835023E-0003   69.8377829050763297533169356695974568         0.00000000000000000000000000000000000         69.8409386651184636682390823564741152      
   5.00000000000000000000000000000000000         0.00000000000000000000000000000000000         3.15576004213391492214668687665835023E-0003   64.5828160769318394511168095756395462         0.00000000000000000000000000000000000         64.5859718369739733660389562625162045      
   6.00000000000000000000000000000000000         0.00000000000000000000000000000000000         3.15576004213391492214668687665835023E-0003   59.7770775097240908399872146931534743         0.00000000000000000000000000000000000         59.7802332697662247549093613800301327      
   7.00000000000000000000000000000000000         0.00000000000000000000000000000000000         3.15576004213391492214668687665835023E-0003   55.3901338338450425650121965522918053         0.00000000000000000000000000000000000         55.3932895938871764799343432391684636      
   8.00000000000000000000000000000000000         0.00000000000000000000000000000000000         3.15576004213391492214668687665835023E-0003   51.3931167858131940487839528613538660         0.00000000000000000000000000000000000         51.3962725458553279637060995482305243      
   9.00000000000000000000000000000000000         0.00000000000000000000000000000000000         3.15576004213391492214668687665835023E-0003   47.7586991782066331766404187824777921         0.00000000000000000000000000000000000         47.7618549382487670915625654693544505      
   10.0000000000000000000000000000000000         0.00000000000000000000000000000000000         3.15576004213391492214668687665835023E-0003   44.4610576070028614434596756557609553         0.00000000000000000000000000000000000         44.4642133670449953583818223426376137      
   11.0000000000000000000000000000000000         0.00000000000000000000000000000000000         3.15576004213391492214668687665835023E-0003   41.4758217357049129517002019794675444         0.00000000000000000000000000000000000         41.4789774957470468666223486663442028      
   12.0000000000000000000000000000000000         0.00000000000000000000000000000000000         3.15576004213391492214668687665835023E-0003   38.7800107426892573867925373335765035         0.00000000000000000000000000000000000         38.7831665027313913017146840204531618      
   13.0000000000000000000000000000000000         0.00000000000000000000000000000000000         3.15576004213391492214668687665835023E-0003   36.3519580964220627789959441030116329         0.00000000000000000000000000000000000         36.3551138564641966939180907898882913      
   14.0000000000000000000000000000000000         0.00000000000000000000000000000000000         3.15576004213391492214668687665835023E-0003   34.1712262255281352484849508058048824         0.00000000000000000000000000000000000         34.1743819855702691634070974926815408      
   15.0000000000000000000000000000000000         0.00000000000000000000000000000000000         3.15576004213391492214668687665835023E-0003   32.2185128844245842866469475363271512         0.00000000000000000000000000000000000         32.2216686444667182015690942232038095      
   16.0000000000000000000000000000000000         0.00000000000000000000000000000000000         3.15576004213391492214668687665835023E-0003   30.4755510979768607051037968222222201         0.00000000000000000000000000000000000         30.4787068580189946200259435090988785      
   17.0000000000000000000000000000000000         0.00000000000000000000000000000000000         3.15576004213391492214668687665835023E-0003   28.9250045246171294439657366374354937         0.00000000000000000000000000000000000         28.9281602846592633588878833243121520      
   18.0000000000000000000000000000000000         0.00000000000000000000000000000000000         3.15576004213391492214668687665835023E-0003   27.5503599340180494988357441526576408         0.00000000000000000000000000000000000         27.5535156940601834137578908395342992      
   19.0000000000000000000000000000000000         0.00000000000000000000000000000000000         11.1004070036161921579530854533174034         15.2385670369921420109583855161776304         0.00000000000000000000000000000000000         26.3389740406083341689114709694950353      
   20.0000000000000000000000000000000000         0.00000000000000000000000000000000000         22.9721285032713971769376400277190028         2.29721285032713971769376400277182671         0.00000000000000000000000000000000000         25.2693413535985368946314040304908307      
   21.0000000000000000000000000000000000         0.00000000000000000000000000000000000         22.0363228975124320082702934995273854         2.20363228975124320082702934995281095         0.00000000000000000000000000000000000         24.2399551872636752090973228494801963      
   22.0000000000000000000000000000000000         0.00000000000000000000000000000000000         21.1359226012922649324396644637909108         2.11359226012922649324396644637899948         0.00000000000000000000000000000000000         23.2495148614214914256836309101699106      
   23.0000000000000000000000000000000000         0.00000000000000000000000000000000000         20.2697766002144443328441674191864581         2.02697766002144443328441674191872585         0.00000000000000000000000000000000000         22.2967542602358887661285841611051843      
   24.0000000000000000000000000000000000         0.00000000000000000000000000000000000         19.4367645260113437677037305306680248         1.94367645260113437677037305306680568         0.00000000000000000000000000000000000         21.3804409786124781444741035837348291      
   25.0000000000000000000000000000000000         0.00000000000000000000000000000000000         18.6357958953972505497692802344832269         1.86357958953972505497692802344830178         0.00000000000000000000000000000000000         20.4993754849369756047462082579315277      
   26.0000000000000000000000000000000000         0.00000000000000000000000000000000000         17.8658093643044099818301685103338114         1.78658093643044099818301685103338792         0.00000000000000000000000000000000000         19.6523903007348509800131853613672009      
   27.0000000000000000000000000000000000         0.00000000000000000000000000000000000         17.1257719978952766500716722878344402         1.71257719978952766500716722878341652         0.00000000000000000000000000000000000         18.8383491976848043150788395166178556      
   28.0000000000000000000000000000000000         0.00000000000000000000000000000000000         16.4146785566263494761391446495347567         1.64146785566263494761391446495344501         0.00000000000000000000000000000000000         18.0561464122889844237530591144882025      
   29.0000000000000000000000000000000000         0.00000000000000000000000000000000000         15.7315507985352760442044189084587747         1.57315507985352760442044189084592346         0.00000000000000000000000000000000000         17.3047058783888036486248607993046993      
   30.0000000000000000000000000000000000         0.00000000000000000000000000000000000         15.0754367978327617672553619087536278         1.50754367978327617672553619087532395         0.00000000000000000000000000000000000         16.5829804776160379439808980996289525      
   31.0000000000000000000000000000000000         0.00000000000000000000000000000000000         14.4454102798034623678282788923268442         1.44454102798034623678282788923268804         0.00000000000000000000000000000000000         15.8899513077838086046111067815595326      
   32.0000000000000000000000000000000000         0.00000000000000000000000000000000000         13.8405699719546446413401673393703326         1.38405699719546446413401673393707571         0.00000000000000000000000000000000000         15.2246269691501091054741840733074079      
   33.0000000000000000000000000000000000         0.00000000000000000000000000000000000         13.2600389712970834282161015109211495         1.32600389712970834282161015109210371         0.00000000000000000000000000000000000         14.5860428684267917710377116620132540      
   34.0000000000000000000000000000000000         0.00000000000000000000000000000000000         12.7029641275984980765648102733429495         1.27029641275984980765648102733427396         0.00000000000000000000000000000000000         13.9732605403583478842212913006772229      
   35.0000000000000000000000000000000000         0.00000000000000000000000000000000000         12.1685154424148770626806098899586841         1.21685154424148770626806098899586198         0.00000000000000000000000000000000000         13.3853669866563647689486708789545459      
   36.0000000000000000000000000000000000         0.00000000000000000000000000000000000         11.6558854836783506022405327970453642         1.16558854836783506022405327970454509         0.00000000000000000000000000000000000         12.8214740320461856624645860767499091      
   37.0000000000000000000000000000000000         0.00000000000000000000000000000000000         11.1642888156009161219362035615251077         1.11642888156009161219362035615252590         0.00000000000000000000000000000000000         12.2807176971610077341298239176776334      
   38.0000000000000000000000000000000000         0.00000000000000000000000000000000000         10.6929614436403929020121663545776469         1.06929614436403929020121663545775852         0.00000000000000000000000000000000000         11.7622575880044321922133829900354054      
   39.0000000000000000000000000000000000         0.00000000000000000000000000000000000         10.2411602742676070928863127839379126         1.02411602742676070928863127839380405         0.00000000000000000000000000000000000         11.2652763016943678021749440623317167      
   40.0000000000000000000000000000000000         0.00000000000000000000000000000000000         9.80816258927115638330472387833856458        0.980816258927115638330472387833834830         0.00000000000000000000000000000000000         10.7889788481982720216351962661723993      
   41.0000000000000000000000000000000000         0.00000000000000000000000000000000000         9.39326553433739365580241568730387923        0.939326553433739365580241568730413577         0.00000000000000000000000000000000000         10.3325920877711330213826572560342924      
   42.0000000000000000000000000000000000         0.00000000000000000000000000000000000         8.99578562164777364447806909943961908        0.899578562164777364447806909943946732         0.00000000000000000000000000000000000         9.89536418381255100892587600938356620      
   43.0000000000000000000000000000000000         0.00000000000000000000000000000000000         8.61505824624275566493624279644329664        0.861505824624275566493624279644321363         0.00000000000000000000000000000000000         9.47656407086703123142986707608761829      
   44.0000000000000000000000000000000000         0.00000000000000000000000000000000000         8.25043721591043774951265507420303754        0.825043721591043774951265507420326557         0.00000000000000000000000000000000000         9.07548093750148152446392058162336410      
   45.0000000000000000000000000000000000         0.00000000000000000000000000000000000         7.90129429436846169579081953597031351        0.790129429436846169579081953597021799         0.00000000000000000000000000000000000         8.69142372380530786536990148956733531      
   46.0000000000000000000000000000000000         0.00000000000000000000000000000000000         7.56701875751898297328570242064003580        0.756701875751898297328570242064002829         0.00000000000000000000000000000000000         8.32372063327088127061427266270403815      
   47.0000000000000000000000000000000000         0.00000000000000000000000000000000000         7.24701696256821103813689968187018605        0.724701696256821103813689968187040310         0.00000000000000000000000000000000000         7.97171865882503214195058965005722646      
   48.0000000000000000000000000000000000         0.00000000000000000000000000000000000         6.94071192981381802187346280018404848        0.694071192981381802187346280018391905         0.00000000000000000000000000000000000         7.63478312279519982406080908020244038      
   49.0000000000000000000000000000000000         0.00000000000000000000000000000000000         6.64754293691506495419226475813844930        0.664754293691506495419226475813871777         0.00000000000000000000000000000000000         7.31229723060657144961149123395232127      
   50.0000000000000000000000000000000000         0.00000000000000000000000000000000000         6.36696512547153405508505890378384676        0.636696512547153405508505890378370578         0.00000000000000000000000000000000000         7.00366163801868746059356479416221734      
   51.0000000000000000000000000000000000         0.00000000000000000000000000000000000         6.09844911974666078484735075443400618        0.609844911974666078484735075443402621         0.00000000000000000000000000000000000         6.70829403172132686333208582987740918      
   52.0000000000000000000000000000000000         0.00000000000000000000000000000000000         5.84148065738165255823737618627118571        0.584148065738165255823737618627118513         0.00000000000000000000000000000000000         6.42562872311981781406111380489830412      
   53.0000000000000000000000000000000000         0.00000000000000000000000000000000000         5.59556023195372562090455102664118504        0.559556023195372562090455102664118543         0.00000000000000000000000000000000000         6.15511625514909818299500612930530378      
   54.0000000000000000000000000000000000         0.00000000000000000000000000000000000         5.36020274723978813200011733494051558        0.536020274723978813200011733494046012         0.00000000000000000000000000000000000         5.89622302196376694520012906843456159      
   55.0000000000000000000000000000000000         0.00000000000000000000000000000000000         5.13493718305268007911207325374867282        0.513493718305268007911207325374861119         0.00000000000000000000000000000000000         5.64843090135794808702328057912353432      
   56.0000000000000000000000000000000000         0.00000000000000000000000000000000000         4.91930627252181313275951420913470446        0.491930627252181313275951420913478515         0.00000000000000000000000000000000000         5.41123689977399444603546563004818268      
   57.0000000000000000000000000000000000         0.00000000000000000000000000000000000         4.71286619069352594225936507643133419        0.471286619069352594225936507643122393         0.00000000000000000000000000000000000         5.18415280976287853648530158407445682      
   58.0000000000000000000000000000000000         0.00000000000000000000000000000000000         4.51518625432869535797951115488530327        0.451518625432869535797951115488540255         0.00000000000000000000000000000000000         4.96670487976156489377746227037384376      
   59.0000000000000000000000000000000000         0.00000000000000000000000000000000000         4.32584863277615364953832081966435287        0.432584863277615364953832081966432099         0.00000000000000000000000000000000000         4.75843349605376901449215290163078492      
   60.0000000000000000000000000000000000         0.00000000000000000000000000000000000         4.14444806980030419652926959735856677        0.414444806980030419652926959735847143         0.00000000000000000000000000000000000         4.55889287678033461618219655709441381      
   61.0000000000000000000000000000000000         0.00000000000000000000000000000000000         3.97059161624006487005945899602891673        0.397059161624006487005945899602895765         0.00000000000000000000000000000000000         4.36765077786407135706540489563181244      
   62.0000000000000000000000000000000000         0.00000000000000000000000000000000000         3.80389837337397150961082575932345639        0.380389837337397150961082575932347661         0.00000000000000000000000000000000000         4.18428821071136866057190833525580376      
   63.0000000000000000000000000000000000         0.00000000000000000000000000000000000         3.64399924686302377478873770680045094        0.364399924686302377478873770680045056         0.00000000000000000000000000000000000         4.00839917154932615226761147748049562      
   64.0000000000000000000000000000000000         0.00000000000000000000000000000000000         3.49053671113873836347569204022073857        0.349053671113873836347569204022069158         0.00000000000000000000000000000000000         3.83959038225261219982326124424280773      
   65.0000000000000000000000000000000000         0.00000000000000000000000000000000000         3.34316458409898018807532618495482476        0.334316458409898018807532618495477238         0.00000000000000000000000000000000000         3.67748104250887820688285880345030219      
   66.0000000000000000000000000000000000         0.00000000000000000000000000000000000         3.20154781196856276898802161161937975        0.320154781196856276898802161161951553         0.00000000000000000000000000000000000         3.52170259316541904588682377278133140      
   67.0000000000000000000000000000000000         0.00000000000000000000000000000000000         3.06536226417543758753193246509130360        0.306536226417543758753193246509122887         0.00000000000000000000000000000000000         3.37189849059298134628512571160042649      
   68.0000000000000000000000000000000000         0.00000000000000000000000000000000000         2.93429453808662040519939868777949973        0.293429453808662040519939868777947816         0.00000000000000000000000000000000000         3.22772399189528244571933855655744735      
   69.0000000000000000000000000000000000         0.00000000000000000000000000000000000         2.80804177344092062969672039816123391        0.280804177344092062969672039816122159         0.00000000000000000000000000000000000         3.08884595078501269266639243797735607      
   70.0000000000000000000000000000000000         0.00000000000000000000000000000000000         2.68631147630813480526436771561382631        0.268631147630813480526436771561377354         0.00000000000000000000000000000000000         2.95494262393894828579080448717520367      
   71.0000000000000000000000000000000000         0.00000000000000000000000000000000000         2.56882135239672062214731915639406611        0.256882135239672062214731915639411850         0.00000000000000000000000000000000000         2.82570348763639268436205107203347777      
   72.0000000000000000000000000000000000         0.00000000000000000000000000000000000         2.45529914952416250663902253732540565        0.245529914952416250663902253732535105         0.00000000000000000000000000000000000         2.70082906447657875730292479105794071      
   73.0000000000000000000000000000000000         0.00000000000000000000000000000000000         2.34548250905634802041676977654048536        0.234548250905634802041676977654051902         0.00000000000000000000000000000000000         2.58003075996198282245844675419453709      
   74.0000000000000000000000000000000000         0.00000000000000000000000000000000000         2.23911882611436485785320792984438538        0.223911882611436485785320792984437074         0.00000000000000000000000000000000000         2.46303070872580134363852872282882246      
   75.0000000000000000000000000000000000         0.00000000000000000000000000000000000         2.13596511833926454607680490836960808        0.213596511833926454607680490836960524         0.00000000000000000000000000000000000         2.34956163017319100068448539920656858      
   76.0000000000000000000000000000000000         0.00000000000000000000000000000000000         2.03578790299757869133965356800012773        0.203578790299757869133965356800016293         0.00000000000000000000000000000000000         2.23936669329733656047361892480014405      
   77.0000000000000000000000000000000000         0.00000000000000000000000000000000000         1.93836308220276866615301762419403077        0.193836308220276866615301762419400852         0.00000000000000000000000000000000000         2.13219939042304553276831938661343147      
   78.0000000000000000000000000000000000         0.00000000000000000000000000000000000         1.84347583602038610311461945799288951        0.184347583602038610311461945799287752         0.00000000000000000000000000000000000         2.02782341962242471342608140379217710      
   79.0000000000000000000000000000000000         0.00000000000000000000000000000000000         1.75092052321755984265382694977551843        0.175092052321755984265382694977554626         0.00000000000000000000000000000000000         1.92601257553931582691920964475307310      
   80.0000000000000000000000000000000000         0.00000000000000000000000000000000000         1.66050058941053986057478022191540582        0.166050058941053986057478022191537775         0.00000000000000000000000000000000000         1.82655064835159384663225824410694366      
   81.0000000000000000000000000000000000         0.00000000000000000000000000000000000         1.57202848235744952684656057208306449        0.157202848235744952684656057208304244         0.00000000000000000000000000000000000         1.72923133059319447953121662929136878      
   82.0000000000000000000000000000000000         0.00000000000000000000000000000000000         1.48532557413714843305166651426995656        0.148532557413714843305166651426994312         0.00000000000000000000000000000000000         1.63385813155086327635683316569695094      
   83.0000000000000000000000000000000000         0.00000000000000000000000000000000000         1.40022208994920808201511426340507976        0.140022208994920808201511426340509343         0.00000000000000000000000000000000000         1.54024429894412889021662568974558910      
   84.0000000000000000000000000000000000         0.00000000000000000000000000000000000         1.31655704326446632151885353778692919        0.131655704326446632151885353778692500         0.00000000000000000000000000000000000         1.44821274759091295367073889156562167      
   85.0000000000000000000000000000000000         0.00000000000000000000000000000000000         1.23417817705046341292598897313968238        0.123417817705046341292598897313970253         0.00000000000000000000000000000000000         1.35759599475550975421858787045365272      
   86.0000000000000000000000000000000000         0.00000000000000000000000000000000000         1.15294191079127875552464390140269770        0.115294191079127875552464390140265667         0.00000000000000000000000000000000000         1.26823610187040663107710829154296336      
   87.0000000000000000000000000000000000         0.00000000000000000000000000000000000         1.07271329301688434499481369773628258        0.107271329301688434499481369773630388         0.00000000000000000000000000000000000         1.17998462231857277949429506750991295      
   88.0000000000000000000000000000000000         0.00000000000000000000000000000000000        0.993365959053107239427058196338257940         9.93365959053107239427058196338245132E-0002   0.00000000000000000000000000000000000         1.09270255495841796336976401597208240      
   89.0000000000000000000000000000000000         0.00000000000000000000000000000000000        0.914782093699643549079757995022803671         9.14782093699643549079757995022820113E-0002   0.00000000000000000000000000000000000         1.00626030306960790398773379452508574      
   90.0000000000000000000000000000000000         0.00000000000000000000000000000000000        0.836852398540282661349300737474722392         8.36852398540282661349300737474717722E-0002   0.00000000000000000000000000000000000        0.920537638394310927484230811222194140      
   91.0000000000000000000000000000000000         0.00000000000000000000000000000000000        0.759476063586571747713142224703475186         7.59476063586571747713142224703477497E-0002   0.00000000000000000000000000000000000        0.835423669945228922484456447173822936      
   92.0000000000000000000000000000000000         0.00000000000000000000000000000000000        0.682560742953563824867302835906028409         6.82560742953563824867302835906027326E-0002   0.00000000000000000000000000000000000        0.750816817248920207354033119496631154      
   93.0000000000000000000000000000000000         0.00000000000000000000000000000000000        0.606022534264032340761324816489138115         6.06022534264032340761324816489130146E-0002   0.00000000000000000000000000000000000        0.666624787690435574837457298138051166      
   94.0000000000000000000000000000000000         0.00000000000000000000000000000000000        0.529785961475584101466185550201611007         5.29785961475584101466185550201604580E-0002   0.00000000000000000000000000000000000        0.582764557623142511612804105221771453      
   95.0000000000000000000000000000000000         0.00000000000000000000000000000000000        0.453783960823441356509703950648321095         4.53783960823441356509703950648319579E-0002   0.00000000000000000000000000000000000        0.499162356905785492160674345713153041      
   96.0000000000000000000000000000000000         0.00000000000000000000000000000000000        0.377957869570272594988212496919425497         3.77957869570272594988212496919423956E-0002   0.00000000000000000000000000000000000        0.415753656527299854487033746611367893      
   97.0000000000000000000000000000000000         0.00000000000000000000000000000000000        0.302257417253308431267010296112454249         3.02257417253308431267010296112452486E-0002   0.00000000000000000000000000000000000        0.332483158978639274393711325723699501      
   98.0000000000000000000000000000000000         0.00000000000000000000000000000000000        0.226640719118061218113976930627413826         2.26640719118061218113976930627415294E-0002   0.00000000000000000000000000000000000        0.249304791029867339925374623690155343      
   99.0000000000000000000000000000000000         0.00000000000000000000000000000000000        0.151074271427251222006154252013421435         1.51074271427251222006154252013421251E-0002   0.00000000000000000000000000000000000        0.166181698569976344206769677214763561      
   100.000000000000000000000000000000000         0.00000000000000000000000000000000000         7.55329483330041656401311965979141444E-0002   7.55329483330041656401311965979140511E-0003   0.00000000000000000000000000000000000         8.30862431663045822041443162577055540E-0002
   101.000000000000000000000000000000000         0.00000000000000000000000000000000000         0.00000000000000000000000000000000000         0.00000000000000000000000000000000000         0.00000000000000000000000000000000000         0.00000000000000000000000000000000000      
