   0.00000000000000000000000000000000000         0.00000000000000000000000000000000000         3.15576004213391492214668687665835023E-0003   137.328606347925120222098996625901432         0.00000000000000000000000000000000000         137.331762107967254137021143312778090      
   1.00000000000000000000000000000000000         0.00000000000000000000000000000000000         3.15576004213391492214668687665835023E-0003   128.423960516653743870769388201914413         0.00000000000000000000000000000000000         128.427116276695877785691534888791071      
   2.00000000000000000000000000000000000         0.00000000000000000000000000000000000         3.15576004213391492214668687665835023E-0003   120.113390181342338088556982168121619         0.00000000000000000000000000000000000         120.116545941384472003479128854998278      
   3.00000000000000000000000000000000000         0.00000000000000000000000000000000000         3.15576004213391492214668687665835023E-0003   112.366811372661361229996088809434586         0.00000000000000000000000000000000000         112.369967132703495144918235496311244      
   4.00000000000000000000000000000000000         0.00000000000000000000000000000000000         3.15576004213391492214668687665835023E-0003   105.154994293890682819176980478867995         0.00000000000000000000000000000000000         105.158150053932816734099127165744654      
   5.00000000000000000000000000000000000         0.00000000000000000000000000000000000         3.15576004213391492214668687665835023E-0003   98.4495859005752106163342059829888136         0.00000000000000000000000000000000000         98.4527416606173445312563526698654719      
   6.00000000000000000000000000000000000         0.00000000000000000000000000000000000         3.15576004213391492214668687665835023E-0003   92.2231370478186154262676070146513950         0.00000000000000000000000000000000000         92.2262928078607493411897537015280534      
   7.00000000000000000000000000000000000         0.00000000000000000000000000000000000         3.15576004213391492214668687665835023E-0003   86.4491302468044283897195250964873160         0.00000000000000000000000000000000000         86.4522860068465623046416717833639744      
   8.00000000000000000000000000000000000         0.00000000000000000000000000000000000         3.15576004213391492214668687665835023E-0003   81.1020046449025866854849598191884774         0.00000000000000000000000000000000000         81.1051604049447206004071065060651357      
   9.00000000000000000000000000000000000         0.00000000000000000000000000000000000         3.15576004213391492214668687665835023E-0003   76.1571754961045696359807746249709464         0.00000000000000000000000000000000000         76.1603312561467035509029213118476047      
   10.0000000000000000000000000000000000         0.00000000000000000000000000000000000         3.15576004213391492214668687665835023E-0003   71.5910460727735082821326707640133485         0.00000000000000000000000000000000000         71.5942018328156421970548174508900069      
   11.0000000000000000000000000000000000         0.00000000000000000000000000000000000         3.15576004213391492214668687665835023E-0003   67.3810106448157543097746524796164314         0.00000000000000000000000000000000000         67.3841664048578882246967991664930898      
   12.0000000000000000000000000000000000         0.00000000000000000000000000000000000         3.15576004213391492214668687665835023E-0003   63.5054477849952444516590243676741176         0.00000000000000000000000000000000000         63.5086035450373783665811710545507760      
   13.0000000000000000000000000000000000         0.00000000000000000000000000000000000         3.15576004213391492214668687665835023E-0003   59.9437038238309797699189063415639504         0.00000000000000000000000000000000000         59.9468595838731136848410530284406088      
   14.0000000000000000000000000000000000         0.00000000000000000000000000000000000         3.15576004213391492214668687665835023E-0003   56.6760667569059783482331678382311300         0.00000000000000000000000000000000000         56.6792225169481122631553145251077883      
   15.0000000000000000000000000000000000         0.00000000000000000000000000000000000         3.15576004213391492214668687665835023E-0003   53.6837312915632484253981852880634598         0.00000000000000000000000000000000000         53.6868870516053823403203319749401181      
   16.0000000000000000000000000000000000         0.00000000000000000000000000000000000         3.15576004213391492214668687665835023E-0003   50.9487560057228482778932257665053429         0.00000000000000000000000000000000000         50.9519117657649821928153724533820013      
   17.0000000000000000000000000000000000         0.00000000000000000000000000000000000         3.15576004213391492214668687665835023E-0003   48.4540137815241446921969536275905471         0.00000000000000000000000000000000000         48.4571695415662786071191003144672054      
   18.0000000000000000000000000000000000         0.00000000000000000000000000000000000         3.15576004213391492214668687665835023E-0003   46.1831367778543437471826002126456208         0.00000000000000000000000000000000000         46.1862925378964776621047468995222791      
   19.0000000000000000000000000000000000         0.00000000000000000000000000000000000         3.15576004213391492214668687665835023E-0003   44.1204572290804396413515680264221296         0.00000000000000000000000000000000000         44.1236129891225735562737147132987880      
   20.0000000000000000000000000000000000         0.00000000000000000000000000000000000         3.15576004213391492214668687665835023E-0003   42.2509453150876542256518207463029532         0.00000000000000000000000000000000000         42.2541010751297881405739674331796116      
   21.0000000000000000000000000000000000         0.00000000000000000000000000000000000         3.15576004213391492214668687665835023E-0003   40.5601452536662661172459355454281287         0.00000000000000000000000000000000000         40.5633010137084000321680822323047870      
   22.0000000000000000000000000000000000         0.00000000000000000000000000000000000         3.15576004213391492214668687665835023E-0003   39.0341106340155668819978629670597672         0.00000000000000000000000000000000000         39.0372663940577007969200096539364255      
   23.0000000000000000000000000000000000         0.00000000000000000000000000000000000         19.0298377901534534715023545221051118         18.6326578223847412992735590771274102         0.00000000000000000000000000000000000         37.6624956125381947707759135992325251      
   24.0000000000000000000000000000000000         0.00000000000000000000000000000000000         33.1144255456886457687769341070296830         3.31144255456886457687769341070302677         0.00000000000000000000000000000000000         36.4258681002575103456546275177327117      
   25.0000000000000000000000000000000000         0.00000000000000000000000000000000000         32.0264039461250781042037051491804216         3.20264039461250781042037051491801828         0.00000000000000000000000000000000000         35.2290443407375859146240756640984422      
   26.0000000000000000000000000000000000         0.00000000000000000000000000000000000         30.9735308612379076657565477089128120         3.09735308612379076657565477089127172         0.00000000000000000000000000000000000         34.0708839473616984323322024798040833      
   27.0000000000000000000000000000000000         0.00000000000000000000000000000000000         29.9547904341834006349947136971076132         2.99547904341834006349947136971075978         0.00000000000000000000000000000000000         32.9502694776017406984941850668183761      
   28.0000000000000000000000000000000000         0.00000000000000000000000000000000000         28.9691872370532101325837244372290846         2.89691872370532101325837244372280454         0.00000000000000000000000000000000000         31.8661059607585311458420968809518895      
   29.0000000000000000000000000000000000         0.00000000000000000000000000000000000         28.0157458555651770190476080804454353         2.80157458555651770190476080804469660         0.00000000000000000000000000000000000         30.8173204411216947209523688884901307      
   30.0000000000000000000000000000000000         0.00000000000000000000000000000000000         27.0935104877944916210253993642276807         2.70935104877944916210253993642274681         0.00000000000000000000000000000000000         29.8028615365739407831279393006504291      
   31.0000000000000000000000000000000000         0.00000000000000000000000000000000000         26.2015445568926526968269905532618972         2.62015445568926526968269905532619450         0.00000000000000000000000000000000000         28.8216990125819179665096896085880909      
   32.0000000000000000000000000000000000         0.00000000000000000000000000000000000         25.3389303376754304209114907341351002         2.53389303376754304209114907341355602         0.00000000000000000000000000000000000         27.8728233714429734630026398075486559      
   33.0000000000000000000000000000000000         0.00000000000000000000000000000000000         24.5047685969033580935969128927487757         2.45047685969033580935969128927478143         0.00000000000000000000000000000000000         26.9552454565936939029566041820235572      
   34.0000000000000000000000000000000000         0.00000000000000000000000000000000000         23.6981782470287312530414178585049906         2.36981782470287312530414178585051154         0.00000000000000000000000000000000000         26.0679960717316043783455596443555014      
   35.0000000000000000000000000000000000         0.00000000000000000000000000000000000         22.9182960131412271346224267763286759         2.29182960131412271346224267763291297         0.00000000000000000000000000000000000         25.2101256144553498480846694539615900      
   36.0000000000000000000000000000000000         0.00000000000000000000000000000000000         22.1642761128095825320379912997932248         2.21642761128095825320379912997926832         0.00000000000000000000000000000000000         24.3807037240905407852417904297724943      
   37.0000000000000000000000000000000000         0.00000000000000000000000000000000000         21.4352899484887707126901996410204722         2.14352899484887707126901996410212333         0.00000000000000000000000000000000000         23.5788189433376477839592196051225955      
   38.0000000000000000000000000000000000         0.00000000000000000000000000000000000         20.7305258121402698500301358697667814         2.07305258121402698500301358697660395         0.00000000000000000000000000000000000         22.8035783933542968350331494567433865      
   39.0000000000000000000000000000000000         0.00000000000000000000000000000000000         20.0491886016967813628896140827013078         2.00491886016967813628896140827017423         0.00000000000000000000000000000000000         22.0541074618664594991785754909714820      
   40.0000000000000000000000000000000000         0.00000000000000000000000000000000000         19.3904995489916019229184393189987167         1.93904995489916019229184393189983226         0.00000000000000000000000000000000000         21.3295495038907621152102832508985480      
   41.0000000000000000000000000000000000         0.00000000000000000000000000000000000         18.7536959587662498307243256551080206         1.87536959587662498307243256551085302         0.00000000000000000000000000000000000         20.6290655546428748137967582206188738      
   42.0000000000000000000000000000000000         0.00000000000000000000000000000000000         18.1380309583673794254260208794244907         1.81380309583673794254260208794245357         0.00000000000000000000000000000000000         19.9518340542041173679686229673669456      
   43.0000000000000000000000000000000000         0.00000000000000000000000000000000000         17.5427732577449876868580408590222817         1.75427732577449876868580408590218045         0.00000000000000000000000000000000000         19.2970505835194864555438449449244612      
   44.0000000000000000000000000000000000         0.00000000000000000000000000000000000         16.9672069193679477080631477656858040         1.69672069193679477080631477656862855         0.00000000000000000000000000000000000         18.6639276113047424788694625422544338      
   45.0000000000000000000000000000000000         0.00000000000000000000000000000000000         16.4106311376795409397460753583912176         1.64106311376795409397460753583908841         0.00000000000000000000000000000000000         18.0516942514474950337206828942303049      
   46.0000000000000000000000000000000000         0.00000000000000000000000000000000000         15.8723600277244774185404697789207007         1.58723600277244774185404697789203120         0.00000000000000000000000000000000000         17.4595960304969251603945167568127329      
   47.0000000000000000000000000000000000         0.00000000000000000000000000000000000         15.3517224225894925376859168670849103         1.53517224225894925376859168670852496         0.00000000000000000000000000000000000         16.8868946648484417914545085537934351      
   48.0000000000000000000000000000000000         0.00000000000000000000000000000000000         14.8480616793116221078347078161577712         1.48480616793116221078347078161578494         0.00000000000000000000000000000000000         16.3328678472427843186181785977735571      
   49.0000000000000000000000000000000000         0.00000000000000000000000000000000000         14.3607354929213469030410423738676023         1.43607354929213469030410423738679605         0.00000000000000000000000000000000000         15.7968090422134815933451466112543988      
   50.0000000000000000000000000000000000         0.00000000000000000000000000000000000         13.8891157183016568975265063888221681         1.38891157183016568975265063888220205         0.00000000000000000000000000000000000         15.2780272901318225872791570277043699      
   51.0000000000000000000000000000000000         0.00000000000000000000000000000000000         13.4325881995584380253002936839224007         1.34325881995584380253002936839221395         0.00000000000000000000000000000000000         14.7758470195142818278303230523146143      
   52.0000000000000000000000000000000000         0.00000000000000000000000000000000000         12.9905526066121848293769169806137469         1.29905526066121848293769169806137103         0.00000000000000000000000000000000000         14.2896078672734033123146086786751177      
   53.0000000000000000000000000000000000         0.00000000000000000000000000000000000         12.5624222787356745188562125151655028         1.25624222787356745188562125151658406         0.00000000000000000000000000000000000         13.8186645066092419707418337666820875      
   54.0000000000000000000000000000000000         0.00000000000000000000000000000000000         12.1476240747767137574478815642568329         1.21476240747767137574478815642569835         0.00000000000000000000000000000000000         13.3623864822543851331926697206825314      
   55.0000000000000000000000000000000000         0.00000000000000000000000000000000000         11.7455982298192280250252043203853240         1.17455982298192280250252043203848895         0.00000000000000000000000000000000000         12.9201580528011508275277247524238122      
   56.0000000000000000000000000000000000         0.00000000000000000000000000000000000         11.3557982180496692248737173659375988         1.13557982180496692248737173659377286         0.00000000000000000000000000000000000         12.4913780398546361473610891025313714      
   57.0000000000000000000000000000000000         0.00000000000000000000000000000000000         10.9776906216088588815132049947081331         1.09776906216088588815132049947082429         0.00000000000000000000000000000000000         12.0754596837697447696645254941789579      
   58.0000000000000000000000000000000000         0.00000000000000000000000000000000000         10.6107550052218725331354350692593154         1.06107550052218725331354350692593432         0.00000000000000000000000000000000000         11.6718305057440597864489785761852498      
   59.0000000000000000000000000000000000         0.00000000000000000000000000000000000         10.2544837964103369603482541537049350         1.02544837964103369603482541537049527         0.00000000000000000000000000000000000         11.2799321760513706563830795690754299      
   60.0000000000000000000000000000000000         0.00000000000000000000000000000000000         9.90838217110250554247145877578139738        0.990838217110250554247145877578108653         0.00000000000000000000000000000000000         10.8992203882127560967186046533595066      
   61.0000000000000000000000000000000000         0.00000000000000000000000000000000000         9.57196794446666496076042545899512803        0.957196794446666496076042545899511532         0.00000000000000000000000000000000000         10.5291647389133314568364680048946398      
   62.0000000000000000000000000000000000         0.00000000000000000000000000000000000         9.24477146680279038467095482626057641        0.924477146680279038467095482626056408         0.00000000000000000000000000000000000         10.1692486134830694231380503088866336      
   63.0000000000000000000000000000000000         0.00000000000000000000000000000000000         8.92633552433590118522221997296431524        0.892633552433590118522221997296422876         0.00000000000000000000000000000000000         9.81896907676949130374444197026073860      
   64.0000000000000000000000000000000000         0.00000000000000000000000000000000000         8.61621524476228171936207469851580941        0.861621524476228171936207469851579574         0.00000000000000000000000000000000000         9.47783676923850989129828216836738928      
   65.0000000000000000000000000000000000         0.00000000000000000000000000000000000         8.31397800740663839595444893158344752        0.831397800740663839595444893158339378         0.00000000000000000000000000000000000         9.14537580814730223554989382474178641      
   66.0000000000000000000000000000000000         0.00000000000000000000000000000000000         8.01920335785439007520572012628900450        0.801920335785439007520572012628912680         0.00000000000000000000000000000000000         8.82112369363982908272629213891791727      
   67.0000000000000000000000000000000000         0.00000000000000000000000000000000000         7.73148292692866585893989603640936199        0.773148292692866585893989603640917479         0.00000000000000000000000000000000000         8.50463121962153244483388564005027947      
   68.0000000000000000000000000000000000         0.00000000000000000000000000000000000         7.45042035388625011899056212647577933        0.745042035388625011899056212647602546         0.00000000000000000000000000000000000         8.19546238927487513088961833912338245      
   69.0000000000000000000000000000000000         0.00000000000000000000000000000000000         7.17563121371071118521803238464499223        0.717563121371071118521803238464497509         0.00000000000000000000000000000000000         7.89319433508178230373983562310948945      
   70.0000000000000000000000000000000000         0.00000000000000000000000000000000000         6.90674294838432270932465188887409965        0.690674294838432270932465188887402242         0.00000000000000000000000000000000000         7.59741724322275498025711707776150160      
   71.0000000000000000000000000000000000         0.00000000000000000000000000000000000         6.64339480202318276982575984795632770        0.664339480202318276982575984795628745         0.00000000000000000000000000000000000         7.30773428222550104680833583275195615      
   72.0000000000000000000000000000000000         0.00000000000000000000000000000000000         6.38523775976220398756813644796053409        0.638523775976220398756813644796071455         0.00000000000000000000000000000000000         7.02376153573842438632495009275660584      
   73.0000000000000000000000000000000000         0.00000000000000000000000000000000000         6.13193449027843741918308231303306096        0.613193449027843741918308231303289225         0.00000000000000000000000000000000000         6.74512793930628116110139054433635019      
   74.0000000000000000000000000000000000         0.00000000000000000000000000000000000         5.88315929184255263985527188040720707        0.588315929184255263985527188040724077         0.00000000000000000000000000000000000         6.47147522102680790384079906844793086      
   75.0000000000000000000000000000000000         0.00000000000000000000000000000000000         5.63859804178927415379981081459380853        0.563859804178927415379981081459375095         0.00000000000000000000000000000000000         6.20245784596820156917979189605318353      
   76.0000000000000000000000000000000000         0.00000000000000000000000000000000000         5.39794814929821656839275597279502387        0.539794814929821656839275597279515426         0.00000000000000000000000000000000000         5.93774296422803822523203157007453920      
   77.0000000000000000000000000000000000         0.00000000000000000000000000000000000         5.16091851137691242797799720359344998        0.516091851137691242797799720359334617         0.00000000000000000000000000000000000         5.67701036251460367077579692395278450      
   78.0000000000000000000000000000000000         0.00000000000000000000000000000000000         4.92722947193792955929551020479971973        0.492722947193792955929551020479975141         0.00000000000000000000000000000000000         5.41995241913172251522506122527969463      
   79.0000000000000000000000000000000000         0.00000000000000000000000000000000000         4.69661278386186902085688464545666626        0.469661278386186902085688464545669082         0.00000000000000000000000000000000000         5.16627406224805592294257311000233520      
   80.0000000000000000000000000000000000         0.00000000000000000000000000000000000         4.46881157393775730231348642764000364        0.446881157393775730231348642763992352         0.00000000000000000000000000000000000         4.91569273133153303254483507040399599      
   81.0000000000000000000000000000000000         0.00000000000000000000000000000000000         4.24358031057193140585597915288913953        0.424358031057193140585597915288910457         0.00000000000000000000000000000000000         4.66793834162912454644157706817805033      
   82.0000000000000000000000000000000000         0.00000000000000000000000000000000000         4.02068477415599397732233897362304745        0.402068477415599397732233897362304947         0.00000000000000000000000000000000000         4.42275325157159337505457287098535273      
   83.0000000000000000000000000000000000         0.00000000000000000000000000000000000         3.79990202998381581656442095132971386        0.379990202998381581656442095132968699         0.00000000000000000000000000000000000         4.17989223298219739822086304646268251      
   84.0000000000000000000000000000000000         0.00000000000000000000000000000000000         3.58102040360690992764399629824149116        0.358102040360690992764399629824154788         0.00000000000000000000000000000000000         3.93912244396760092040839592806564590      
   85.0000000000000000000000000000000000         0.00000000000000000000000000000000000         3.36383945851681682635005392867003947        0.336383945851681682635005392867002338         0.00000000000000000000000000000000000         3.70022340436849850898505932153704195      
   86.0000000000000000000000000000000000         0.00000000000000000000000000000000000         3.14816997604244425816361783463881725        0.314816997604244425816361783463887580         0.00000000000000000000000000000000000         3.46298697364668868397997961810270483      
   87.0000000000000000000000000000000000         0.00000000000000000000000000000000000         2.93383393734961215450154426613457647        0.293383393734961215450154426613459708         0.00000000000000000000000000000000000         3.22721733108457336995169869274803608      
   88.0000000000000000000000000000000000         0.00000000000000000000000000000000000         2.72066450742937927232323350167920246        0.272066450742937927232323350167917011         0.00000000000000000000000000000000000         2.99273095817231719955555685184711947      
   89.0000000000000000000000000000000000         0.00000000000000000000000000000000000         2.50850602096108272339071751175545149        0.250850602096108272339071751175548616         0.00000000000000000000000000000000000         2.75935662305719099572978926293099992      
   90.0000000000000000000000000000000000         0.00000000000000000000000000000000000         2.29721396993541437348269037355486837        0.229721396993541437348269037355494319         0.00000000000000000000000000000000000         2.52693536692895581083095941091036283      
   91.0000000000000000000000000000000000         0.00000000000000000000000000000000000         2.08665499292229559498531047905046274        0.208665499292229559498531047905042749         0.00000000000000000000000000000000000         2.29532049221452515448384152695550558      
   92.0000000000000000000000000000000000         0.00000000000000000000000000000000000         1.87670686586779883894969378766534017        0.187670686586779883894969378766539250         0.00000000000000000000000000000000000         2.06437755245457872284466316643187954      
   93.0000000000000000000000000000000000         0.00000000000000000000000000000000000         1.66725849430390392927713957266049932        0.166725849430390392927713957266043413         0.00000000000000000000000000000000000         1.83398434373429432220485352992654268      
   94.0000000000000000000000000000000000         0.00000000000000000000000000000000000         1.45820990685447026022369358683003533        0.145820990685447026022369358683006605         0.00000000000000000000000000000000000         1.60403089753991728624606294551304198      
   95.0000000000000000000000000000000000         0.00000000000000000000000000000000000         1.24947224992045318755872415484681397        0.124947224992045318755872415484680947         0.00000000000000000000000000000000000         1.37441947491249850631459657033149490      
   96.0000000000000000000000000000000000         0.00000000000000000000000000000000000         1.04096778342709261424127858865597038        0.104096778342709261424127858865600187         0.00000000000000000000000000000000000         1.14506456176980187566540644752157061      
   97.0000000000000000000000000000000000         0.00000000000000000000000000000000000        0.832629877515551810233249290939860160         8.32629877515551810233249290939868802E-0002   0.00000000000000000000000000000000000        0.915892865267106991256574220033847004      
   98.0000000000000000000000000000000000         0.00000000000000000000000000000000000        0.624403010061281720425744697950946816         6.24403010061281720425744697950950138E-0002   0.00000000000000000000000000000000000        0.686843311067409892468319167746041806      
   99.0000000000000000000000000000000000         0.00000000000000000000000000000000000        0.416242764901226525898375600344694914         4.16242764901226525898375600344688342E-0002   0.00000000000000000000000000000000000        0.457867041391349178488213160379163761      
   100.000000000000000000000000000000000         0.00000000000000000000000000000000000        0.208115830651865567968896412330765764         2.08115830651865567968896412330768009E-0002   0.00000000000000000000000000000000000        0.228927413717052124765786053563842561      
   101.000000000000000000000000000000000         0.00000000000000000000000000000000000         0.00000000000000000000000000000000000         0.00000000000000000000000000000000000         0.00000000000000000000000000000000000         0.00000000000000000000000000000000000      
