   0.00000000000000000000000000000000000         0.00000000000000000000000000000000000         3.15576004213391492214668687665835023E-0003   110.786899658602551428788142528864501         0.00000000000000000000000000000000000         110.790055418644685343710289215741159      
   1.00000000000000000000000000000000000         0.00000000000000000000000000000000000         3.15576004213391492214668687665835023E-0003   102.803003148168473110977556295692055         0.00000000000000000000000000000000000         102.806158908210607025899702982568714      
   2.00000000000000000000000000000000000         0.00000000000000000000000000000000000         3.15576004213391492214668687665835023E-0003   95.4085913932053669926177956102021297         0.00000000000000000000000000000000000         95.4117471532475009075399422970787881      
   3.00000000000000000000000000000000000         0.00000000000000000000000000000000000         3.15576004213391492214668687665835023E-0003   88.5701852245784529920825888740499376         0.00000000000000000000000000000000000         88.5733409846205869070047355609265960      
   4.00000000000000000000000000000000000         0.00000000000000000000000000000000000         3.15576004213391492214668687665835023E-0003   82.2557571430488439373484170365294824         0.00000000000000000000000000000000000         82.2589129030909778522705637234061408      
   5.00000000000000000000000000000000000         0.00000000000000000000000000000000000         3.15576004213391492214668687665835023E-0003   76.4339654396880406958739656853608486         0.00000000000000000000000000000000000         76.4371211997301746107961123722375070      
   6.00000000000000000000000000000000000         0.00000000000000000000000000000000000         3.15576004213391492214668687665835023E-0003   71.0737367456106742630001171004221586         0.00000000000000000000000000000000000         71.0768925056528081779222637872988169      
   7.00000000000000000000000000000000000         0.00000000000000000000000000000000000         3.15576004213391492214668687665835023E-0003   66.1446161974950998730428047061740291         0.00000000000000000000000000000000000         66.1477719575372337879649513930506875      
   8.00000000000000000000000000000000000         0.00000000000000000000000000000000000         3.15576004213391492214668687665835023E-0003   61.6178667013723063122321387497401598         0.00000000000000000000000000000000000         61.6210224614144402271542854366168182      
   9.00000000000000000000000000000000000         0.00000000000000000000000000000000000         3.15576004213391492214668687665835023E-0003   57.4677669656645062889698376312476254         0.00000000000000000000000000000000000         57.4709227257066402038919843181242837      
   10.0000000000000000000000000000000000         0.00000000000000000000000000000000000         3.15576004213391492214668687665835023E-0003   53.6723012087182937943324863231860146         0.00000000000000000000000000000000000         53.6754569687604277092546330100626729      
   11.0000000000000000000000000000000000         0.00000000000000000000000000000000000         3.15576004213391492214668687665835023E-0003   50.2126679459017797319797332262309158         0.00000000000000000000000000000000000         50.2158237059439136469018799131075742      
   12.0000000000000000000000000000000000         0.00000000000000000000000000000000000         3.15576004213391492214668687665835023E-0003   47.0716488233077434927668304859684107         0.00000000000000000000000000000000000         47.0748045833498774076889771728450690      
   13.0000000000000000000000000000000000         0.00000000000000000000000000000000000         3.15576004213391492214668687665835023E-0003   44.2315013174771263813889053727730597         0.00000000000000000000000000000000000         44.2346570775192602963110520596497181      
   14.0000000000000000000000000000000000         0.00000000000000000000000000000000000         3.15576004213391492214668687665835023E-0003   41.6722996932563320936834759139090117         0.00000000000000000000000000000000000         41.6754554532984660086056226007856701      
   15.0000000000000000000000000000000000         0.00000000000000000000000000000000000         3.15576004213391492214668687665835023E-0003   39.3714158443679887353083273278783582         0.00000000000000000000000000000000000         39.3745716044101226502304740147550165      
   16.0000000000000000000000000000000000         0.00000000000000000000000000000000000         3.15576004213391492214668687665835023E-0003   37.3042741311126949107253824476245524         0.00000000000000000000000000000000000         37.3074298911548288256475291345012108      
   17.0000000000000000000000000000000000         0.00000000000000000000000000000000000         3.15576004213391492214668687665835023E-0003   35.4459598031945600621789146796034457         0.00000000000000000000000000000000000         35.4491155632366939771010613664801041      
   18.0000000000000000000000000000000000         0.00000000000000000000000000000000000         3.15576004213391492214668687665835023E-0003   33.7729806044302352305839181323611461         0.00000000000000000000000000000000000         33.7761363644723691455060648192378045      
   19.0000000000000000000000000000000000         0.00000000000000000000000000000000000         3.15576004213391492214668687665835023E-0003   32.2645520918888433009234590196074477         0.00000000000000000000000000000000000         32.2677078519309772158456057064841061      
   20.0000000000000000000000000000000000         0.00000000000000000000000000000000000         3.15576004213391492214668687665835023E-0003   30.9030852211334976374370363487727679         0.00000000000000000000000000000000000         30.9062409811756315523591830356494262      
   21.0000000000000000000000000000000000         0.00000000000000000000000000000000000         26.3702287000827829675969691919734648         3.30683147530540218838243525211997973         0.00000000000000000000000000000000000         29.6770601753881851559794044440934456      
   22.0000000000000000000000000000000000         0.00000000000000000000000000000000000         25.9705588485107499005475527878995320         2.59705588485107499005475527878986461         0.00000000000000000000000000000000000         28.5676147333618248906023080666893974      
   23.0000000000000000000000000000000000         0.00000000000000000000000000000000000         24.9967523008751312580831073452430000         2.49967523008751312580831073452434738         0.00000000000000000000000000000000000         27.4964275309626443838914180797673462      
   24.0000000000000000000000000000000000         0.00000000000000000000000000000000000         24.0568057466253005021254038441345875         2.40568057466253005021254038441346353         0.00000000000000000000000000000000000         26.4624863212878305523379442285480503      
   25.0000000000000000000000000000000000         0.00000000000000000000000000000000000         23.1498151626947462318682341265332584         2.31498151626947462318682341265328732         0.00000000000000000000000000000000000         25.4647966789642208550550575391865473      
   26.0000000000000000000000000000000000         0.00000000000000000000000000000000000         22.2748888096024128980052036498416349         2.22748888096024128980052036498416780         0.00000000000000000000000000000000000         24.5023776905626541878057240148258027      
   27.0000000000000000000000000000000000         0.00000000000000000000000000000000000         21.4311445491029323203985681589299613         2.14311445491029323203985681589298380         0.00000000000000000000000000000000000         23.5742590040132255524384249748229451      
   28.0000000000000000000000000000000000         0.00000000000000000000000000000000000         20.6177082240509317600349117730739676         2.06177082240509317600349117730737534         0.00000000000000000000000000000000000         22.6794790464560249360384029503813437      
   29.0000000000000000000000000000000000         0.00000000000000000000000000000000000         19.8337129095632324566327477301000408         1.98337129095632324566327477301002866         0.00000000000000000000000000000000000         21.8170842005195557022960225031100683      
   30.0000000000000000000000000000000000         0.00000000000000000000000000000000000         19.0782988434727790956802208550423421         1.90782988434727790956802208550420829         0.00000000000000000000000000000000000         20.9861287278200570052482429405465513      
   31.0000000000000000000000000000000000         0.00000000000000000000000000000000000         18.3506138553019979217633691778186616         1.83506138553019979217633691778188087         0.00000000000000000000000000000000000         20.1856752408321977139397060956005429      
   32.0000000000000000000000000000000000         0.00000000000000000000000000000000000         17.6498141324835929437890976078668845         1.76498141324835929437890976078671291         0.00000000000000000000000000000000000         19.4147955457319522381680073686535960      
   33.0000000000000000000000000000000000         0.00000000000000000000000000000000000         16.9750651867514451577582331043945071         1.69750651867514451577582331043941716         0.00000000000000000000000000000000000         18.6725717054265896735340564148339233      
   34.0000000000000000000000000000000000         0.00000000000000000000000000000000000         16.3255429095836276368718851696167924         1.63255429095836276368718851696167493         0.00000000000000000000000000000000000         17.9580972005419904005590736865784689      
   35.0000000000000000000000000000000000         0.00000000000000000000000000000000000         15.7004346310709550928635376404520045         1.57004346310709550928635376404521189         0.00000000000000000000000000000000000         17.2704780941780506021498914044972169      
   36.0000000000000000000000000000000000         0.00000000000000000000000000000000000         15.0989401200497522238619670011136420         1.50989401200497522238619670011133751         0.00000000000000000000000000000000000         16.6088341320547274462481637012249790      
   37.0000000000000000000000000000000000         0.00000000000000000000000000000000000         14.5202724838185814873613611956695192         1.45202724838185814873613611956701066         0.00000000000000000000000000000000000         15.9722997322004396360974973152365305      
   38.0000000000000000000000000000000000         0.00000000000000000000000000000000000         13.9636589427942164859078617699368977         1.39636589427942164859078617699365283         0.00000000000000000000000000000000000         15.3600248370736381344986479469305511      
   39.0000000000000000000000000000000000         0.00000000000000000000000000000000000         13.4283414689736772049710565460864743         1.34283414689736772049710565460867882         0.00000000000000000000000000000000000         14.7711756158710449254681622006951525      
   40.0000000000000000000000000000000000         0.00000000000000000000000000000000000         12.9135772872500190205638947673629220         1.29135772872500190205638947673625383         0.00000000000000000000000000000000000         14.2049350159750209226202842440991750      
   41.0000000000000000000000000000000000         0.00000000000000000000000000000000000         12.4186392458461298223039279719353503         1.24186392458461298223039279719357420         0.00000000000000000000000000000000000         13.6605031704307428045343207691289243      
   42.0000000000000000000000000000000000         0.00000000000000000000000000000000000         11.9428160668404731180423585181183325         1.19428160668404731180423585181184099         0.00000000000000000000000000000000000         13.1370976735245204298465943699301733      
   43.0000000000000000000000000000000000         0.00000000000000000000000000000000000         11.4854124904468941966559668526361575         1.14854124904468941966559668526358967         0.00000000000000000000000000000000000         12.6339537394915836163215635378997473      
   44.0000000000000000000000000000000000         0.00000000000000000000000000000000000         11.0457493278455865433658242004068633         1.10457493278455865433658242004072720         0.00000000000000000000000000000000000         12.1503242606301451977024066204475903      
   45.0000000000000000000000000000000000         0.00000000000000000000000000000000000         10.6231634373663872107188386632878527         1.06231634373663872107188386632875839         0.00000000000000000000000000000000000         11.6854797811030259317907225296166115      
   46.0000000000000000000000000000000000         0.00000000000000000000000000000000000         10.2170076380592668174512057289223170         1.02170076380592668174512057289223328         0.00000000000000000000000000000000000         11.2387084018651934991963263018145501      
   47.0000000000000000000000000000000000         0.00000000000000000000000000000000000         9.82665057344334472354441461277501157        0.982665057344334472354441461277518587         0.00000000000000000000000000000000000         10.8093156307876791958988560740525297      
   48.0000000000000000000000000000000000         0.00000000000000000000000000000000000         9.45147653673226145380537398798459642        0.945147653673226145380537398798438167         0.00000000000000000000000000000000000         10.3966241904054875991859113867830345      
   49.0000000000000000000000000000000000         0.00000000000000000000000000000000000         9.09088526725776807026612730712794628        0.909088526725776807026612730712826617         0.00000000000000000000000000000000000         9.99997379398354487729274003784077357      
   50.0000000000000000000000000000000000         0.00000000000000000000000000000000000         8.74429172627123991981406875396560120        0.874429172627123991981406875396555613         0.00000000000000000000000000000000000         9.61872089889836391179547562936215700      
   51.0000000000000000000000000000000000         0.00000000000000000000000000000000000         8.41112585886908788328753134025658561        0.841112585886908788328753134025649837         0.00000000000000000000000000000000000         9.25223844475599667161628447428223478      
   52.0000000000000000000000000000000000         0.00000000000000000000000000000000000         8.09083234750494411197616726876333215        0.809083234750494411197616726876324818         0.00000000000000000000000000000000000         8.89991558225543852317378399563965658      
   53.0000000000000000000000000000000000         0.00000000000000000000000000000000000         7.78287036143733237816454972073246130        0.778287036143733237816454972073267546         0.00000000000000000000000000000000000         8.56115739758106561598100469280572846      
   54.0000000000000000000000000000000000         0.00000000000000000000000000000000000         7.48671330551787081253667866726761367        0.748671330551787081253667866726741550         0.00000000000000000000000000000000000         8.23538463606965789379034653399435493      
   55.0000000000000000000000000000000000         0.00000000000000000000000000000000000         7.20184857094260685892216261453622420        0.720184857094260685892216261453608169         0.00000000000000000000000000000000000         7.92203342803686754481437887598983237      
   56.0000000000000000000000000000000000         0.00000000000000000000000000000000000         6.92777728995221835866289739293181855        0.692777728995221835866289739293189269         0.00000000000000000000000000000000000         7.62055501894744019452918713222500810      
   57.0000000000000000000000000000000000         0.00000000000000000000000000000000000         6.66401409595688540871684631394889831        0.666401409595688540871684631394900096         0.00000000000000000000000000000000000         7.33041550555257394958853094534379869      
   58.0000000000000000000000000000000000         0.00000000000000000000000000000000000         6.41008689015930594926068833366854796        0.641008689015930594926068833366852350         0.00000000000000000000000000000000000         7.05109557917523654418675716703540021      
   59.0000000000000000000000000000000000         0.00000000000000000000000000000000000         6.16553661543606891271678675543780719        0.616553661543606891271678675543779505         0.00000000000000000000000000000000000         6.78209027697967580398846543098158698      
   60.0000000000000000000000000000000000         0.00000000000000000000000000000000000         5.92991703799658762675933767141971447        0.592991703799658762675933767141952476         0.00000000000000000000000000000000000         6.52290874179624638943527143856166666      
   61.0000000000000000000000000000000000         0.00000000000000000000000000000000000         5.70279453715534230092327735087610122        0.570279453715534230092327735087612568         0.00000000000000000000000000000000000         6.27307399087087653101560508596371350      
   62.0000000000000000000000000000000000         0.00000000000000000000000000000000000         5.48374790341484795980194311140932478        0.548374790341484795980194311140947154         0.00000000000000000000000000000000000         6.03212269375633275578213742255027213      
   63.0000000000000000000000000000000000         0.00000000000000000000000000000000000         5.27236814495329180429702414831613583        0.527236814495329180429702414831611965         0.00000000000000000000000000000000000         5.79960495944862098472672656314774818      
   64.0000000000000000000000000000000000         0.00000000000000000000000000000000000         5.06825830253388745041728403641514949        0.506825830253388745041728403641508420         0.00000000000000000000000000000000000         5.57508413278727619545901244005665820      
   65.0000000000000000000000000000000000         0.00000000000000000000000000000000000         4.87103327279611124166714791461690902        0.487103327279611124166714791461676997         0.00000000000000000000000000000000000         5.35813660007572236583386270607858583      
   66.0000000000000000000000000000000000         0.00000000000000000000000000000000000         4.68031963984700857854075646737398305        0.468031963984700857854075646737408108         0.00000000000000000000000000000000000         5.14835160383170943639483211411139145      
   67.0000000000000000000000000000000000         0.00000000000000000000000000000000000         4.49575551503976854637058461143979394        0.449575551503976854637058461143980116         0.00000000000000000000000000000000000         4.94533106654374540100764307258377372      
   68.0000000000000000000000000000000000         0.00000000000000000000000000000000000         4.31699038480380177743164110652809461        0.431699038480380177743164110652807265         0.00000000000000000000000000000000000         4.74868942328418195517480521718090168      
   69.0000000000000000000000000000000000         0.00000000000000000000000000000000000         4.14368496637341018433484631444341435        0.414368496637341018433484631444336283         0.00000000000000000000000000000000000         4.55805346301075120276833094588775078      
   70.0000000000000000000000000000000000         0.00000000000000000000000000000000000         3.97551107124917982222893176760149089        0.397551107124917982222893176760144515         0.00000000000000000000000000000000000         4.37306217837409780445182494436163516      
   71.0000000000000000000000000000000000         0.00000000000000000000000000000000000         3.81215147621627357397336435836856610        0.381215147621627357397336435836856427         0.00000000000000000000000000000000000         4.19336662383790093137070079420542248      
   72.0000000000000000000000000000000000         0.00000000000000000000000000000000000         3.65329980173599384932547821006745679        0.365329980173599384932547821006741943         0.00000000000000000000000000000000000         4.01862978190959323425802603107419892      
   73.0000000000000000000000000000000000         0.00000000000000000000000000000000000         3.49866039752071734098940367492417007        0.349866039752071734098940367492416978         0.00000000000000000000000000000000000         3.84852643727278907508834404241658719      
   74.0000000000000000000000000000000000         0.00000000000000000000000000000000000         3.34794823509714333216565552374188788        0.334794823509714333216565552374184869         0.00000000000000000000000000000000000         3.68274305860685766538222107611607289      
   75.0000000000000000000000000000000000         0.00000000000000000000000000000000000         3.20088880715844247206469745697835948        0.320088880715844247206469745697838067         0.00000000000000000000000000000000000         3.52097768787428671927116720267619755      
   76.0000000000000000000000000000000000         0.00000000000000000000000000000000000         3.05721803350213481075479742136263077        0.305721803350213481075479742136260284         0.00000000000000000000000000000000000         3.36293983685234829183027716349889096      
   77.0000000000000000000000000000000000         0.00000000000000000000000000000000000         2.91668217334721968407261535179034211        0.291668217334721968407261535179038765         0.00000000000000000000000000000000000         3.20835039068194165247987688696938101      
   78.0000000000000000000000000000000000         0.00000000000000000000000000000000000         2.77903774382112659300416542463262520        0.277903774382112659300416542463255827         0.00000000000000000000000000000000000         3.05694151820323925230458196709588117      
   79.0000000000000000000000000000000000         0.00000000000000000000000000000000000         2.64405144440438767963616868516586761        0.264405144440438767963616868516600685         0.00000000000000000000000000000000000         2.90845658884482644759978555368246820      
   80.0000000000000000000000000000000000         0.00000000000000000000000000000000000         2.51150008711850230489006588556623942        0.251150008711850230489006588556617085         0.00000000000000000000000000000000000         2.76265009583035253537907247412285650      
   81.0000000000000000000000000000000000         0.00000000000000000000000000000000000         2.38117053224024056854352966011257878        0.238117053224024056854352966011253246         0.00000000000000000000000000000000000         2.61928758546426462539788262612383188      
   82.0000000000000000000000000000000000         0.00000000000000000000000000000000000         2.25285962932359300138096409039608305        0.225285962932359300138096409039604641         0.00000000000000000000000000000000000         2.47814559225595230151906049943568782      
   83.0000000000000000000000000000000000         0.00000000000000000000000000000000000         2.12637416330870206198997598008592343        0.212637416330870206198997598008596643         0.00000000000000000000000000000000000         2.33901157963957226818897357809452005      
   84.0000000000000000000000000000000000         0.00000000000000000000000000000000000         2.00153080549539554519856313994853266        0.200153080549539554519856313994850276         0.00000000000000000000000000000000000         2.20168388604493509971841945394338276      
   85.0000000000000000000000000000000000         0.00000000000000000000000000000000000         1.87815606915737320920791300974421152        0.187815606915737320920791300974421875         0.00000000000000000000000000000000000         2.06597167607311053012870431071863345      
   86.0000000000000000000000000000000000         0.00000000000000000000000000000000000         1.75608626957166810354893933429577352        0.175608626957166810354893933429574901         0.00000000000000000000000000000000000         1.93169489652883491390383326772534845      
   87.0000000000000000000000000000000000         0.00000000000000000000000000000000000         1.63516748823670641845144529387393316        0.163516748823670641845144529387395165         0.00000000000000000000000000000000000         1.79868423706037706029658982326132843      
   88.0000000000000000000000000000000000         0.00000000000000000000000000000000000         1.51525554105111787992813475932715890        0.151525554105111787992813475932715914         0.00000000000000000000000000000000000         1.66678109515622966792094823525987489      
   89.0000000000000000000000000000000000         0.00000000000000000000000000000000000         1.39621595022439672836948556355798561        0.139621595022439672836948556355798518         0.00000000000000000000000000000000000         1.53583754524683640120643411991378415      
   90.0000000000000000000000000000000000         0.00000000000000000000000000000000000         1.27792391968957516062414390322884823        0.127792391968957516062414390322885815         0.00000000000000000000000000000000000         1.40571631165853267668655829355173400      
   91.0000000000000000000000000000000000         0.00000000000000000000000000000000000         1.16026431378724077883465570817641695        0.116026431378724077883465570817641194         0.00000000000000000000000000000000000         1.27629074516596485671812127899405824      
   92.0000000000000000000000000000000000         0.00000000000000000000000000000000000         1.04313163898950098277444053152172169        0.104313163898950098277444053152173726         0.00000000000000000000000000000000000         1.14744480288845108105188458467389538      
   93.0000000000000000000000000000000000         0.00000000000000000000000000000000000        0.926430028431864163240579682558277731         9.26430028431864163240579682558265694E-0002   0.00000000000000000000000000000000000         1.01907303127505057956463765081410435      
   94.0000000000000000000000000000000000         0.00000000000000000000000000000000000        0.810073229020463676924468864856378625         8.10073229020463676924468864856362833E-0002   0.00000000000000000000000000000000000        0.891080551922510044616915751342014861      
   95.0000000000000000000000000000000000         0.00000000000000000000000000000000000        0.693984590881589461137034595259409528         6.93984590881589461137034595259410756E-0002   0.00000000000000000000000000000000000        0.763383049969748407250738054785350568      
   96.0000000000000000000000000000000000         0.00000000000000000000000000000000000        0.578097058920107218642329605116588375         5.78097058920107218642329605116596139E-0002   0.00000000000000000000000000000000000        0.635906764812117940506562565628248031      
   97.0000000000000000000000000000000000         0.00000000000000000000000000000000000        0.462353166253029704645980713770727606         4.62353166253029704645980713770711428E-0002   0.00000000000000000000000000000000000        0.508588482878332675110578785147798724      
   98.0000000000000000000000000000000000         0.00000000000000000000000000000000000        0.346705029284252026112197369528336891         3.46705029284252026112197369528345353E-0002   0.00000000000000000000000000000000000        0.381375532212677228723417106481171432      
   99.0000000000000000000000000000000000         0.00000000000000000000000000000000000        0.231114344186266188801594332658254276         2.31114344186266188801594332658256780E-0002   0.00000000000000000000000000000000000        0.254225778604892807681753765924079942      
   100.000000000000000000000000000000000         0.00000000000000000000000000000000000        0.115552384554522508536002594995194585         1.15552384554522508536002594995194694E-0002   0.00000000000000000000000000000000000        0.127107623009974759389602854494714049      
   101.000000000000000000000000000000000         0.00000000000000000000000000000000000         0.00000000000000000000000000000000000         0.00000000000000000000000000000000000         0.00000000000000000000000000000000000         0.00000000000000000000000000000000000      
