   0.00000000000000000000000000000000000         0.00000000000000000000000000000000000         3.15576004213391492214668687665835023E-0003   75.8735328041875491255394195322154114         0.00000000000000000000000000000000000         75.8766885642296830404615662190920697      
   1.00000000000000000000000000000000000         0.00000000000000000000000000000000000         3.15576004213391492214668687665835023E-0003   69.3430579457516630611496362777674090         0.00000000000000000000000000000000000         69.3462137057937969760717829646440673      
   2.00000000000000000000000000000000000         0.00000000000000000000000000000000000         3.15576004213391492214668687665835023E-0003   63.3960027751041965535304868014099681         0.00000000000000000000000000000000000         63.3991585351463304684526334882866264      
   3.00000000000000000000000000000000000         0.00000000000000000000000000000000000         3.15576004213391492214668687665835023E-0003   57.9921651489131111760475940855383156         0.00000000000000000000000000000000000         57.9953209089552450909697407724149740      
   4.00000000000000000000000000000000000         0.00000000000000000000000000000000000         3.15576004213391492214668687665835023E-0003   53.0927836632767533604104843165733188         0.00000000000000000000000000000000000         53.0959394233188872753326310034499771      
   5.00000000000000000000000000000000000         0.00000000000000000000000000000000000         3.15576004213391492214668687665835023E-0003   48.6606363657630771707835820940944962         0.00000000000000000000000000000000000         48.6637921258052110857057287809711545      
   6.00000000000000000000000000000000000         0.00000000000000000000000000000000000         3.15576004213391492214668687665835023E-0003   44.6601515429685846119802592486011533         0.00000000000000000000000000000000000         44.6633073030107185269024059354778116      
   7.00000000000000000000000000000000000         0.00000000000000000000000000000000000         3.15576004213391492214668687665835023E-0003   41.0575103659323518265593115613900932         0.00000000000000000000000000000000000         41.0606661259744857414814582482667515      
   8.00000000000000000000000000000000000         0.00000000000000000000000000000000000         3.15576004213391492214668687665835023E-0003   37.8207259555548990006653346924814188         0.00000000000000000000000000000000000         37.8238817155970329155874813793580771      
   9.00000000000000000000000000000000000         0.00000000000000000000000000000000000         3.15576004213391492214668687665835023E-0003   34.9196885119820170610806224973637636         0.00000000000000000000000000000000000         34.9228442720241509760027691842404220      
   10.0000000000000000000000000000000000         0.00000000000000000000000000000000000         3.15576004213391492214668687665835023E-0003   32.3261710298995674445587479718398868         0.00000000000000000000000000000000000         32.3293267899417013594808946587165451      
   11.0000000000000000000000000000000000         0.00000000000000000000000000000000000         3.15576004213391492214668687665835023E-0003   30.0137944117656865611853807335905251         0.00000000000000000000000000000000000         30.0169501718078204761075274204671835      
   12.0000000000000000000000000000000000         0.00000000000000000000000000000000000         3.15576004213391492214668687665835023E-0003   27.9579542411906856284201050019125576         0.00000000000000000000000000000000000         27.9611100012328195433422516887892159      
   13.0000000000000000000000000000000000         0.00000000000000000000000000000000000         3.15576004213391492214668687665835023E-0003   26.1357139663581397203451828540851902         0.00000000000000000000000000000000000         26.1388697264002736352673295409618486      
   14.0000000000000000000000000000000000         0.00000000000000000000000000000000000         3.15576004213391492214668687665835023E-0003   24.5256707607313228024734182330564981         0.00000000000000000000000000000000000         24.5288265207734567173955649199331565      
   15.0000000000000000000000000000000000         0.00000000000000000000000000000000000         3.15576004213391492214668687665835023E-0003   23.1078009587242830173831540832589040         0.00000000000000000000000000000000000         23.1109567187664169323053007701355624      
   16.0000000000000000000000000000000000         0.00000000000000000000000000000000000         3.15576004213391492214668687665835023E-0003   21.8632918537860669670354447380318066         0.00000000000000000000000000000000000         21.8664476138282008819575914249084650      
   17.0000000000000000000000000000000000         0.00000000000000000000000000000000000         12.7322905806203015345039757215760678         8.04523115477630496911449009474048454         0.00000000000000000000000000000000000         20.7775217353966065036184658163165524      
   18.0000000000000000000000000000000000         0.00000000000000000000000000000000000         18.0247806150567072591998571347146731         1.80247806150567072591998571347143441         0.00000000000000000000000000000000000         19.8272586765623779851198428481861071      
   19.0000000000000000000000000000000000         0.00000000000000000000000000000000000         17.1968491312850812624610848898938113         1.71968491312850812624610848898936607         0.00000000000000000000000000000000000         18.9165340444135893887071933788831764      
   20.0000000000000000000000000000000000         0.00000000000000000000000000000000000         16.4035614435788398641518780443996947         1.64035614435788398641518780443995148         0.00000000000000000000000000000000000         18.0439175879367238505670658488396476      
   21.0000000000000000000000000000000000         0.00000000000000000000000000000000000         15.6436579956722126576824937593966864         1.56436579956722126576824937593975068         0.00000000000000000000000000000000000         17.2080237952394339234507431353364367      
   22.0000000000000000000000000000000000         0.00000000000000000000000000000000000         14.9159186831709169539449549651397453         1.49159186831709169539449549651392515         0.00000000000000000000000000000000000         16.4075105514880086493394504616536708      
   23.0000000000000000000000000000000000         0.00000000000000000000000000000000000         14.2191616739084908881355446506639030         1.42191616739084908881355446506641403         0.00000000000000000000000000000000000         15.6410778412993399769490991157303170      
   24.0000000000000000000000000000000000         0.00000000000000000000000000000000000         13.5522422685614317741671052194744412         1.35522422685614317741671052194743657         0.00000000000000000000000000000000000         14.9074664954175749515838157414218778      
   25.0000000000000000000000000000000000         0.00000000000000000000000000000000000         12.9140518008929152858980355926636193         1.29140518008929152858980355926635503         0.00000000000000000000000000000000000         14.2054569809822068144878391519299749      
   26.0000000000000000000000000000000000         0.00000000000000000000000000000000000         12.3035165766091030162394146573359996         1.23035165766091030162394146573357954         0.00000000000000000000000000000000000         13.5338682342700133178633561230695787      
   27.0000000000000000000000000000000000         0.00000000000000000000000000000000000         11.7195968495099524885614856831288909         1.17195968495099524885614856831289367         0.00000000000000000000000000000000000         12.8915565344609477374176342514417840      
   28.0000000000000000000000000000000000         0.00000000000000000000000000000000000         11.1612858333908700599851844366418291         1.11612858333908700599851844366418503         0.00000000000000000000000000000000000         12.2774144167299570659837028803060136      
   29.0000000000000000000000000000000000         0.00000000000000000000000000000000000         10.6276087479948591737429288956487288         1.06276087479948591737429288956487696         0.00000000000000000000000000000000000         11.6903696227943450911172217852136061      
   30.0000000000000000000000000000000000         0.00000000000000000000000000000000000         10.1176218972191394424398806509329092         1.01176218972191394424398806509328341         0.00000000000000000000000000000000000         11.1293840869410533866838687160261932      
   31.0000000000000000000000000000000000         0.00000000000000000000000000000000000         9.63041177773763854852817412630858739        0.963041177773763854852817412630860742         0.00000000000000000000000000000000000         10.5934529555114024033809915389394474      
   32.0000000000000000000000000000000000         0.00000000000000000000000000000000000         9.16509421620352452099397208021417312        0.916509421620352452099397208021422512         0.00000000000000000000000000000000000         10.0816036378238769730933692882355951      
   33.0000000000000000000000000000000000         0.00000000000000000000000000000000000         8.72081353323657441618288521517122939        0.872081353323657441618288521517144529         0.00000000000000000000000000000000000         9.59289488656023185780117373668837421      
   34.0000000000000000000000000000000000         0.00000000000000000000000000000000000         8.29674173247159449737574991906787522        0.829674173247159449737574991906766472         0.00000000000000000000000000000000000         9.12641590571875394711332491097464102      
   35.0000000000000000000000000000000000         0.00000000000000000000000000000000000         7.89207771303973630705762342185229605        0.789207771303973630705762342185235884         0.00000000000000000000000000000000000         8.68128548434370993776338576403753136      
   36.0000000000000000000000000000000000         0.00000000000000000000000000000000000         7.50604650396836692333699835718948139        0.750604650396836692333699835718941321         0.00000000000000000000000000000000000         8.25665115436520361567069819290842252      
   37.0000000000000000000000000000000000         0.00000000000000000000000000000000000         7.13789851911171939819523082389649356        0.713789851911171939819523082389650723         0.00000000000000000000000000000000000         7.85168837102289133801475390628614399      
   38.0000000000000000000000000000000000         0.00000000000000000000000000000000000         6.78690883135905511127980122726632160        0.678690883135905511127980122726638169         0.00000000000000000000000000000000000         7.46559971449496062240778134999296015      
   39.0000000000000000000000000000000000         0.00000000000000000000000000000000000         6.45237646500531577700014777672874473        0.645237646500531577700014777672867501         0.00000000000000000000000000000000000         7.09761411150584735470016255440161204      
   40.0000000000000000000000000000000000         0.00000000000000000000000000000000000         6.13362370530763797850913277239169204        0.613362370530763797850913277239147692         0.00000000000000000000000000000000000         6.74698607583840177636004604963083983      
   41.0000000000000000000000000000000000         0.00000000000000000000000000000000000         5.82999542438663973274696423264671264        0.582999542438663973274696423264683243         0.00000000000000000000000000000000000         6.41299496682530370602166065591139569      
   42.0000000000000000000000000000000000         0.00000000000000000000000000000000000         5.54085842276161022803229441440309340        0.554085842276161022803229441440318720         0.00000000000000000000000000000000000         6.09494426503777125083552385584341222      
   43.0000000000000000000000000000000000         0.00000000000000000000000000000000000         5.26560078593169592401012016164664867        0.526560078593169592401012016164663153         0.00000000000000000000000000000000000         5.79216086452486551641113217781131192      
   44.0000000000000000000000000000000000         0.00000000000000000000000000000000000         5.00363125552940189270870593684125840        0.500363125552940189270870593684129538         0.00000000000000000000000000000000000         5.50399438108234208197957653052538794      
   45.0000000000000000000000000000000000         0.00000000000000000000000000000000000         4.75437861467716064324526009752189796        0.475437861467716064324526009752186281         0.00000000000000000000000000000000000         5.22981647614487670756978610727408429      
   46.0000000000000000000000000000000000         0.00000000000000000000000000000000000         4.51729108727167818619413757286423885        0.451729108727167818619413757286419687         0.00000000000000000000000000000000000         4.96902019599884600481355133015065873      
   47.0000000000000000000000000000000000         0.00000000000000000000000000000000000         4.29183575100388932922172601650957838        0.429183575100388932922172601650970424         0.00000000000000000000000000000000000         4.72101932610427826214389861816054847      
   48.0000000000000000000000000000000000         0.00000000000000000000000000000000000         4.07749796399455862702939129013912583        0.407749796399455862702939129013909136         0.00000000000000000000000000000000000         4.48524776039401448973233041915303487      
   49.0000000000000000000000000000000000         0.00000000000000000000000000000000000         3.87378080498699926126713154699514565        0.387378080498699926126713154699518022         0.00000000000000000000000000000000000         4.26115888548569918739384470169466333      
   50.0000000000000000000000000000000000         0.00000000000000000000000000000000000         3.68020452708938796434120410450862275        0.368020452708938796434120410450863575         0.00000000000000000000000000000000000         4.04822497979832676077532451495948657      
   51.0000000000000000000000000000000000         0.00000000000000000000000000000000000         3.49630602510021865402371833664353157        0.349630602510021865402371833664352791         0.00000000000000000000000000000000000         3.84593662761024051942609017030788427      
   52.0000000000000000000000000000000000         0.00000000000000000000000000000000000         3.32163831648216400281153082655104658        0.332163831648216400281153082655102568         0.00000000000000000000000000000000000         3.65380214813038040309268390920614920      
   53.0000000000000000000000000000000000         0.00000000000000000000000000000000000         3.15577003607268872769105769226559049        0.315577003607268872769105769226562679         0.00000000000000000000000000000000000         3.47134703967995760046016346149215312      
   54.0000000000000000000000000000000000         0.00000000000000000000000000000000000         2.99828494463492163114172238240165909        0.299828494463492163114172238240162356         0.00000000000000000000000000000000000         3.29811343909841379425589462064182130      
   55.0000000000000000000000000000000000         0.00000000000000000000000000000000000         2.84878145136031644941064423795197339        0.284878145136031644941064423795198774         0.00000000000000000000000000000000000         3.13365959649634809435170866174717231      
   56.0000000000000000000000000000000000         0.00000000000000000000000000000000000         2.70687215043629526925375882229556312        0.270687215043629526925375882229557246         0.00000000000000000000000000000000000         2.97755936547992479617913470452512051      
   57.0000000000000000000000000000000000         0.00000000000000000000000000000000000         2.57218337178814620300679342530097519        0.257218337178814620300679342530095314         0.00000000000000000000000000000000000         2.82940170896696082330747276783107036      
   58.0000000000000000000000000000000000         0.00000000000000000000000000000000000         2.44435474609569140665993949658274740        0.244435474609569140665993949658279767         0.00000000000000000000000000000000000         2.68879022070526054732593344624102707      
   59.0000000000000000000000000000000000         0.00000000000000000000000000000000000         2.32303878417237232684913905405042538        0.232303878417237232684913905405041118         0.00000000000000000000000000000000000         2.55534266258960955953405295945546638      
   60.0000000000000000000000000000000000         0.00000000000000000000000000000000000         2.20790047077809555789753785539251301        0.220790047077809555789753785539248036         0.00000000000000000000000000000000000         2.42869051785590511368729164093176119      
   61.0000000000000000000000000000000000         0.00000000000000000000000000000000000         2.09861687291807751403441621293279831        0.209861687291807751403441621293280857         0.00000000000000000000000000000000000         2.30847856020988526543785783422607915      
   62.0000000000000000000000000000000000         0.00000000000000000000000000000000000         1.99487676265860130685848377084955729        0.199487676265860130685848377084954997         0.00000000000000000000000000000000000         2.19436443892446143754433214793451248      
   63.0000000000000000000000000000000000         0.00000000000000000000000000000000000         1.89638025446758400162989392508943560        0.189638025446758400162989392508946487         0.00000000000000000000000000000000000         2.08601827991434240179288331759838218      
   64.0000000000000000000000000000000000         0.00000000000000000000000000000000000         1.80283845706362253867863731979477255        0.180283845706362253867863731979472108         0.00000000000000000000000000000000000         1.98312230276998479254650105177424469      
   65.0000000000000000000000000000000000         0.00000000000000000000000000000000000         1.71397313973216477818385785699177835        0.171397313973216477818385785699175760         0.00000000000000000000000000000000000         1.88537045370538125600224364269095409      
   66.0000000000000000000000000000000000         0.00000000000000000000000000000000000         1.62951641304200957338995665003681666        0.162951641304200957338995665003687203         0.00000000000000000000000000000000000         1.79246805434621053072895231504050381      
   67.0000000000000000000000000000000000         0.00000000000000000000000000000000000         1.54921042386979844907095800771436336        0.154921042386979844907095800771433833         0.00000000000000000000000000000000000         1.70413146625677829397805380848579710      
   68.0000000000000000000000000000000000         0.00000000000000000000000000000000000         1.47280706461479686250235492363575890        0.147280706461479686250235492363575515         0.00000000000000000000000000000000000         1.62008777107627654875259041599933437      
   69.0000000000000000000000000000000000         0.00000000000000000000000000000000000         1.40006769646130743116672017180124904        0.140006769646130743116672017180123460         0.00000000000000000000000000000000000         1.54007446610743817428339218898137250      
   70.0000000000000000000000000000000000         0.00000000000000000000000000000000000         1.33076288652170345268754701792189270        0.133076288652170345268754701792189015         0.00000000000000000000000000000000000         1.46383917517387379795630171971408164      
   71.0000000000000000000000000000000000         0.00000000000000000000000000000000000         1.26467215866947490386455076455432588        0.126467215866947490386455076455432280         0.00000000000000000000000000000000000         1.39113937453642239425100584100975826      
   72.0000000000000000000000000000000000         0.00000000000000000000000000000000000         1.20158375784896476868260916881510917        0.120158375784896476868260916881510200         0.00000000000000000000000000000000000         1.32174213363386124555087008569661939      
   73.0000000000000000000000000000000000         0.00000000000000000000000000000000000         1.14129442762673597093935099223315710        0.114129442762673597093935099223316880         0.00000000000000000000000000000000000         1.25542387038940956803328609145647401      
   74.0000000000000000000000000000000000         0.00000000000000000000000000000000000         1.08360920072881788074804860103044098        0.108360920072881788074804860103043123         0.00000000000000000000000000000000000         1.19197012080169966882285346113348411      
   75.0000000000000000000000000000000000         0.00000000000000000000000000000000000         1.02834120228848366874491179870921323        0.102834120228848366874491179870922074         0.00000000000000000000000000000000000         1.13117532251733203561940297858013540      
   76.0000000000000000000000000000000000         0.00000000000000000000000000000000000        0.975311465510733965734051603529149906         9.75311465510733965734051603529141577E-0002   0.00000000000000000000000000000000000         1.07284261206180736230745676388206404      
   77.0000000000000000000000000000000000         0.00000000000000000000000000000000000        0.924348759442320397529495428051618226         9.24348759442320397529495428051600171E-0002   0.00000000000000000000000000000000000         1.01678363538655243728244497085677832      
   78.0000000000000000000000000000000000         0.00000000000000000000000000000000000        0.875289428519933042195999750052017338         8.75289428519933042195999750052036019E-0002   0.00000000000000000000000000000000000        0.962818371371926346415599725057220988      
   79.0000000000000000000000000000000000         0.00000000000000000000000000000000000        0.827977243554085879840221724932570052         8.27977243554085879840221724932560110E-0002   0.00000000000000000000000000000000000        0.910774967909494467824243897425826027      
   80.0000000000000000000000000000000000         0.00000000000000000000000000000000000        0.782263263792241897088645491568539120         7.82263263792241897088645491568544417E-0002   0.00000000000000000000000000000000000        0.860489590171466086797510040725393562      
   81.0000000000000000000000000000000000         0.00000000000000000000000000000000000        0.738005709691795388976289965546607564         7.38005709691795388976289965546600198E-0002   0.00000000000000000000000000000000000        0.811806280660974927873918962101267560      
   82.0000000000000000000000000000000000         0.00000000000000000000000000000000000        0.695069846021638200217623054981927743         6.95069846021638200217623054981934195E-0002   0.00000000000000000000000000000000000        0.764576830623802020239385360480121162      
   83.0000000000000000000000000000000000         0.00000000000000000000000000000000000        0.653327874900139895656539496896838572         6.53327874900139895656539496896837754E-0002   0.00000000000000000000000000000000000        0.718660662390153885222193446586522324      
   84.0000000000000000000000000000000000         0.00000000000000000000000000000000000        0.612658838367426755524885160498524268         6.12658838367426755524885160498522655E-0002   0.00000000000000000000000000000000000        0.673924722204169431077373676548376569      
   85.0000000000000000000000000000000000         0.00000000000000000000000000000000000        0.572948530080806530693188492549432097         5.72948530080806530693188492549434805E-0002   0.00000000000000000000000000000000000        0.630243383088887183762507341804375547      
   86.0000000000000000000000000000000000         0.00000000000000000000000000000000000        0.534089415714009219955354546608491546         5.34089415714009219955354546608483566E-0002   0.00000000000000000000000000000000000        0.587498357285410141950890001269339921      
   87.0000000000000000000000000000000000         0.00000000000000000000000000000000000        0.495980561633552231372755829066338704         4.95980561633552231372755829066344349E-0002   0.00000000000000000000000000000000000        0.545578617796907454510031411972973109      
   88.0000000000000000000000000000000000         0.00000000000000000000000000000000000        0.458527571418944495872908942785174122         4.58527571418944495872908942785167706E-0002   0.00000000000000000000000000000000000        0.504380328560838945460199837063690850      
   89.0000000000000000000000000000000000         0.00000000000000000000000000000000000        0.421642529787571986935604867297952947         4.21642529787571986935604867297967705E-0002   0.00000000000000000000000000000000000        0.463806782766329185629165354027749705      
   90.0000000000000000000000000000000000         0.00000000000000000000000000000000000        0.385243953479910766378737172610545491         3.85243953479910766378737172610539472E-0002   0.00000000000000000000000000000000000        0.423768348827901843016610889871599438      
   91.0000000000000000000000000000000000         0.00000000000000000000000000000000000        0.349256748656147949660565309679010559         3.49256748656147949660565309679011426E-0002   0.00000000000000000000000000000000000        0.384182423521762744626621840646911678      
   92.0000000000000000000000000000000000         0.00000000000000000000000000000000000        0.313612174351311539677928342000603202         3.13612174351311539677928342000602804E-0002   0.00000000000000000000000000000000000        0.344973391786442693645721176200663488      
   93.0000000000000000000000000000000000         0.00000000000000000000000000000000000        0.278247811532573499808508360860651591         2.78247811532573499808508360860645862E-0002   0.00000000000000000000000000000000000        0.306072592685830849789359196946716177      
   94.0000000000000000000000000000000000         0.00000000000000000000000000000000000        0.243107537299454229350619301946157406         2.43107537299454229350619301946161306E-0002   0.00000000000000000000000000000000000        0.267418291029399652285681232140773525      
   95.0000000000000000000000000000000000         0.00000000000000000000000000000000000        0.208141503765179164986083074801860876         2.08141503765179164986083074801861725E-0002   0.00000000000000000000000000000000000        0.228955654141697081484691382282047045      
   96.0000000000000000000000000000000000         0.00000000000000000000000000000000000        0.173306121155378794535281392276908706         1.73306121155378794535281392276905535E-0002   0.00000000000000000000000000000000000        0.190636733270916673988809531504599257      
   97.0000000000000000000000000000000000         0.00000000000000000000000000000000000        0.138564044658641928122134944842582266         1.38564044658641928122134944842586500E-0002   0.00000000000000000000000000000000000        0.152420449124506120934348439326840924      
   98.0000000000000000000000000000000000         0.00000000000000000000000000000000000        0.103884164562089291085431031842352074         1.03884164562089291085431031842351427E-0002   0.00000000000000000000000000000000000        0.114272581018298220193974135026587221      
   99.0000000000000000000000000000000000         0.00000000000000000000000000000000000         6.92415992040916202906980216352261636E-0002   6.92415992040916202906980216352252081E-0003   0.00000000000000000000000000000000000         7.61657591245007823197678237987486836E-0002
   100.000000000000000000000000000000000         0.00000000000000000000000000000000000         3.46176902754751741377655079170732642E-0002   3.46176902754751741377655079170731913E-0003   0.00000000000000000000000000000000000         3.80794593030226915515420587087805822E-0002
   101.000000000000000000000000000000000         0.00000000000000000000000000000000000         0.00000000000000000000000000000000000         0.00000000000000000000000000000000000         0.00000000000000000000000000000000000         0.00000000000000000000000000000000000      
