   0.00000000000000000000000000000000000         0.00000000000000000000000000000000000         3.15576004213391492214668687665835023E-0003   47.4905942746545616590335353045627248         0.00000000000000000000000000000000000         47.4937500346966955739556819914393831      
   1.00000000000000000000000000000000000         0.00000000000000000000000000000000000         3.15576004213391492214668687665835023E-0003   42.3893532389993538049293633086967167         0.00000000000000000000000000000000000         42.3925089990414877198515099955733750      
   2.00000000000000000000000000000000000         0.00000000000000000000000000000000000         3.15576004213391492214668687665835023E-0003   37.8587034596296496562543694567603966         0.00000000000000000000000000000000000         37.8618592196717835711765161436370550      
   3.00000000000000000000000000000000000         0.00000000000000000000000000000000000         3.15576004213391492214668687665835023E-0003   33.8477357100371620092877576753513919         0.00000000000000000000000000000000000         33.8508914700792959242099043622280503      
   4.00000000000000000000000000000000000         0.00000000000000000000000000000000000         3.15576004213391492214668687665835023E-0003   30.3089957072275629177371206394370041         0.00000000000000000000000000000000000         30.3121514672696968326592673263136624      
   5.00000000000000000000000000000000000         0.00000000000000000000000000000000000         3.15576004213391492214668687665835023E-0003   27.1983976918663318483436460093943133         0.00000000000000000000000000000000000         27.2015534519084657632657926962709716      
   6.00000000000000000000000000000000000         0.00000000000000000000000000000000000         3.15576004213391492214668687665835023E-0003   24.4750993770510919181123866124125231         0.00000000000000000000000000000000000         24.4782551370932258330345332992891814      
   7.00000000000000000000000000000000000         0.00000000000000000000000000000000000         3.15576004213391492214668687665835023E-0003   22.1013420581765232300064569927831220         0.00000000000000000000000000000000000         22.1044978182186571449286036796597804      
   8.00000000000000000000000000000000000         0.00000000000000000000000000000000000         3.15576004213391492214668687665835023E-0003   20.0422602709045477561658239797711351         0.00000000000000000000000000000000000         20.0454160309466816710879706666477935      
   9.00000000000000000000000000000000000         0.00000000000000000000000000000000000         3.15576004213391492214668687665835023E-0003   18.2656658295524501659617313479004444         0.00000000000000000000000000000000000         18.2688215895945840808838780347771028      
   10.0000000000000000000000000000000000         0.00000000000000000000000000000000000         3.15576004213391492214668687665835023E-0003   16.7418112900253922690126259456845271         0.00000000000000000000000000000000000         16.7449670500675261839347726325611855      
   11.0000000000000000000000000000000000         0.00000000000000000000000000000000000         3.15576004213391492214668687665835023E-0003   15.4431378289570595012067335438823973         0.00000000000000000000000000000000000         15.4462935889991934161288802307590557      
   12.0000000000000000000000000000000000         0.00000000000000000000000000000000000         3.15576004213391492214668687665835023E-0003   14.3440122261359721330510849999746415         0.00000000000000000000000000000000000         14.3471679861781060479732316868512998      
   13.0000000000000000000000000000000000         0.00000000000000000000000000000000000         3.79088595839014449209708812451316827         9.63272692394243079422816762783147993         0.00000000000000000000000000000000000         13.4236128823325752863252557523446490      
   14.0000000000000000000000000000000000         0.00000000000000000000000000000000000         11.5027580150846300167566550493295767         1.15027580150846300167566550493296495         0.00000000000000000000000000000000000         12.6530338165930930184323205542625422      
   15.0000000000000000000000000000000000         0.00000000000000000000000000000000000         10.8389250669234214682448527109355552         1.08389250669234214682448527109356157         0.00000000000000000000000000000000000         11.9228175736157636150693379820291166      
   16.0000000000000000000000000000000000         0.00000000000000000000000000000000000         10.2100791891679096420989678693031403         1.02100791891679096420989678693029900         0.00000000000000000000000000000000000         11.2310871080847006063088646562334389      
   17.0000000000000000000000000000000000         0.00000000000000000000000000000000000         9.61458116858862432238941853920396048        0.961458116858862432238941853920400670         0.00000000000000000000000000000000000         10.5760392854474867546283603931243604      
   18.0000000000000000000000000000000000         0.00000000000000000000000000000000000         9.05085698330036590614970177312164777        0.905085698330036590614970177312157805         0.00000000000000000000000000000000000         9.95594268163040249676467195043380499      
   19.0000000000000000000000000000000000         0.00000000000000000000000000000000000         8.51739582838999076662953226241544159        0.851739582838999076662953226241545661         0.00000000000000000000000000000000000         9.36913541122898984329248548865698668      
   20.0000000000000000000000000000000000         0.00000000000000000000000000000000000         8.01274816976915659442476786609143433        0.801274816976915659442476786609137636         0.00000000000000000000000000000000000         8.81402298674607225386724465270057129      
   21.0000000000000000000000000000000000         0.00000000000000000000000000000000000         7.53552382820498100501298795319408677        0.753552382820498100501298795319419597         0.00000000000000000000000000000000000         8.28907621102547910551428674851350608      
   22.0000000000000000000000000000000000         0.00000000000000000000000000000000000         7.08439009513602559970608801142544674        0.708439009513602559970608801142542208         0.00000000000000000000000000000000000         7.79282910464962815967669681256798895      
   23.0000000000000000000000000000000000         0.00000000000000000000000000000000000         6.65806988157405972401321171850819423        0.665806988157405972401321171850827011         0.00000000000000000000000000000000000         7.32387686973146569641453289035902144      
   24.0000000000000000000000000000000000         0.00000000000000000000000000000000000         6.25533990112198254956649211070331114        0.625533990112198254956649211070335832         0.00000000000000000000000000000000000         6.88087389123418080452314132177364687      
   25.0000000000000000000000000000000000         0.00000000000000000000000000000000000         5.87502888790300223620809365498559944        0.587502888790300223620809365498552048         0.00000000000000000000000000000000000         6.46253177669330245982890302048415129      
   26.0000000000000000000000000000000000         0.00000000000000000000000000000000000         5.51601584999331010497985549624490792        0.551601584999331010497985549624479294         0.00000000000000000000000000000000000         6.06761743499264111547784104586938731      
   27.0000000000000000000000000000000000         0.00000000000000000000000000000000000         5.17722835877746754800487161797473670        0.517722835877746754800487161797485187         0.00000000000000000000000000000000000         5.69495119465521430280535877977222169      
   28.0000000000000000000000000000000000         0.00000000000000000000000000000000000         4.85764087449984376430058594069029756        0.485764087449984376430058594069026261         0.00000000000000000000000000000000000         5.34340496194982814073064453475932378      
   29.0000000000000000000000000000000000         0.00000000000000000000000000000000000         4.55627310816395270916194587003960479        0.455627310816395270916194587003958881         0.00000000000000000000000000000000000         5.01190041898034798007814045704356396      
   30.0000000000000000000000000000000000         0.00000000000000000000000000000000000         4.27218841983169832571633206342874635        0.427218841983169832571633206342868193         0.00000000000000000000000000000000000         4.69940726181486815828796526977161459      
   31.0000000000000000000000000000000000         0.00000000000000000000000000000000000         4.00449225329367192745222179677297725        0.400449225329367192745222179677302819         0.00000000000000000000000000000000000         4.40494147862303912019744397645027982      
   32.0000000000000000000000000000000000         0.00000000000000000000000000000000000         3.75233060701718451250066538027494610        0.375233060701718451250066538027498442         0.00000000000000000000000000000000000         4.12756366771890296375073191830244464      
   33.0000000000000000000000000000000000         0.00000000000000000000000000000000000         3.51488854122823019071555998768109018        0.351488854122823019071555998768107468         0.00000000000000000000000000000000000         3.86637739535105320978711598644919750      
   34.0000000000000000000000000000000000         0.00000000000000000000000000000000000         3.29138872094480141323890903077605476        0.329138872094480141323890903077605004         0.00000000000000000000000000000000000         3.62052759303928155456279993385365962      
   35.0000000000000000000000000000000000         0.00000000000000000000000000000000000         3.08108999474983345248566683410533200        0.308108999474983345248566683410537120         0.00000000000000000000000000000000000         3.38919899422481679773423351751586917      
   36.0000000000000000000000000000000000         0.00000000000000000000000000000000000         2.88328600907066171274287846924280123        0.288328600907066171274287846924276917         0.00000000000000000000000000000000000         3.17161460997772788401716631616707820      
   37.0000000000000000000000000000000000         0.00000000000000000000000000000000000         2.69730385771654952421613819784488728        0.269730385771654952421613819784490317         0.00000000000000000000000000000000000         2.96703424348820447663775201762937775      
   38.0000000000000000000000000000000000         0.00000000000000000000000000000000000         2.52250276641510637926604789410742509        0.252250276641510637926604789410739861         0.00000000000000000000000000000000000         2.77475304305661701719265268351816491      
   39.0000000000000000000000000000000000         0.00000000000000000000000000000000000         2.35827281208098505956128651733460433        0.235827281208098505956128651733464602         0.00000000000000000000000000000000000         2.59410009328908356551741516906806888      
   40.0000000000000000000000000000000000         0.00000000000000000000000000000000000         2.20403367654502875687750524597711455        0.220403367654502875687750524597709091         0.00000000000000000000000000000000000         2.42443704419953163256525577057482362      
   41.0000000000000000000000000000000000         0.00000000000000000000000000000000000         2.05923343446812367766047697541724911        0.205923343446812367766047697541728166         0.00000000000000000000000000000000000         2.26515677791493604542652467295897737      
   42.0000000000000000000000000000000000         0.00000000000000000000000000000000000         1.92334737516065334389421790174514338        0.192334737516065334389421790174512928         0.00000000000000000000000000000000000         2.11568211267671867828363969191965624      
   43.0000000000000000000000000000000000         0.00000000000000000000000000000000000         1.79587685802505544919141223773899140        0.179587685802505544919141223773899275         0.00000000000000000000000000000000000         1.97546454382756099411055346151289067      
   44.0000000000000000000000000000000000         0.00000000000000000000000000000000000         1.67634820133509630319293642682189127        0.167634820133509630319293642682190037         0.00000000000000000000000000000000000         1.84398302146860593351223006950408138      
   45.0000000000000000000000000000000000         0.00000000000000000000000000000000000         1.56431160406076980744110395077452080        0.156431160406076980744110395077452571         0.00000000000000000000000000000000000         1.72074276446684678818521434585197342      
   46.0000000000000000000000000000000000         0.00000000000000000000000000000000000         1.45934010044197293292397836782777968        0.145934010044197293292397836782777684         0.00000000000000000000000000000000000         1.60527411048617022621637620461055734      
   47.0000000000000000000000000000000000         0.00000000000000000000000000000000000         1.36102854700717526332073633003236905        0.136102854700717526332073633003235475         0.00000000000000000000000000000000000         1.49713140170789278965280996303560454      
   48.0000000000000000000000000000000000         0.00000000000000000000000000000000000         1.26899264172513135193404667430784328        0.126899264172513135193404667430786100         0.00000000000000000000000000000000000         1.39589190589764448712745134173862938      
   49.0000000000000000000000000000000000         0.00000000000000000000000000000000000         1.18286797496829034442612987085697104        0.118286797496829034442612987085696697         0.00000000000000000000000000000000000         1.30115477246511937886874285794266770      
   50.0000000000000000000000000000000000         0.00000000000000000000000000000000000         1.10230911195599770558221254159899659        0.110230911195599770558221254159899596         0.00000000000000000000000000000000000         1.21254002315159747614043379575889621      
   51.0000000000000000000000000000000000         0.00000000000000000000000000000000000         1.02698870633395877921443268878048151        0.102698870633395877921443268878047245         0.00000000000000000000000000000000000         1.12968757696735465713587595765852875      
   52.0000000000000000000000000000000000         0.00000000000000000000000000000000000        0.956596644533872391079278321640536274         9.56596644533872391079278321640530087E-0002   0.00000000000000000000000000000000000         1.05225630898725963018720615380458934      
   53.0000000000000000000000000000000000         0.00000000000000000000000000000000000        0.890839220543793925246873259104524653         8.90839220543793925246873259104537388E-0002   0.00000000000000000000000000000000000        0.979923142598173317771560585014978428      
   54.0000000000000000000000000000000000         0.00000000000000000000000000000000000        0.829438340705812480109019310732648439         8.29438340705812480109019310732642228E-0002   0.00000000000000000000000000000000000        0.912382174776393728119921241805912686      
   55.0000000000000000000000000000000000         0.00000000000000000000000000000000000        0.772130758143192290595756184576815129         7.72130758143192290595756184576819511E-0002   0.00000000000000000000000000000000000        0.849343833957511519655331803034497056      
   56.0000000000000000000000000000000000         0.00000000000000000000000000000000000        0.718667336404400557019902830682284010         7.18667336404400557019902830682290076E-0002   0.00000000000000000000000000000000000        0.790534070044840612721893113750512969      
   57.0000000000000000000000000000000000         0.00000000000000000000000000000000000        0.668812341896582970751936422820406445         6.68812341896582970751936422820402497E-0002   0.00000000000000000000000000000000000        0.735693576086241267827130065102446694      
   58.0000000000000000000000000000000000         0.00000000000000000000000000000000000        0.622342764666206552294762564465719930         6.22342764666206552294762564465725323E-0002   0.00000000000000000000000000000000000        0.684577041132827207524238820912292510      
   59.0000000000000000000000000000000000         0.00000000000000000000000000000000000        0.579047667069907240378407922333569938         5.79047667069907240378407922333568686E-0002   0.00000000000000000000000000000000000        0.636952433776897964416248714566926758      
   60.0000000000000000000000000000000000         0.00000000000000000000000000000000000        0.538727559864183630863914655844621201         5.38727559864183630863914655844616182E-0002   0.00000000000000000000000000000000000        0.592600315850601993950306121429082801      
   61.0000000000000000000000000000000000         0.00000000000000000000000000000000000        0.501193805228579989163801598247860782         5.01193805228579989163801598247866488E-0002   0.00000000000000000000000000000000000        0.551313185751437988080181758072647419      
   62.0000000000000000000000000000000000         0.00000000000000000000000000000000000        0.466268046223497039416382108919560090         4.66268046223497039416382108919566433E-0002   0.00000000000000000000000000000000000        0.512894850845846743358020319811516715      
   63.0000000000000000000000000000000000         0.00000000000000000000000000000000000        0.433781662170838007158736870559189414         4.33781662170838007158736870559181650E-0002   0.00000000000000000000000000000000000        0.477159828387921807874610557615107585      
   64.0000000000000000000000000000000000         0.00000000000000000000000000000000000        0.403575249433404163535517325588660158         4.03575249433404163535517325588659664E-0002   0.00000000000000000000000000000000000        0.443932774376744579889069058147526106      
   65.0000000000000000000000000000000000         0.00000000000000000000000000000000000        0.375498127057347718998485227222842694         3.75498127057347718998485227222840311E-0002   0.00000000000000000000000000000000000        0.413047939763082490898333749945126737      
   66.0000000000000000000000000000000000         0.00000000000000000000000000000000000        0.349407866731105037460186587439757530         3.49407866731105037460186587439759456E-0002   0.00000000000000000000000000000000000        0.384348653404215541206205246183733451      
   67.0000000000000000000000000000000000         0.00000000000000000000000000000000000        0.325169846504091189875331236859641681         3.25169846504091189875331236859639382E-0002   0.00000000000000000000000000000000000        0.357686831154500308862864360545605613      
   68.0000000000000000000000000000000000         0.00000000000000000000000000000000000        0.302656827699047140014304909814005830         3.02656827699047140014304909814004879E-0002   0.00000000000000000000000000000000000        0.332922510468951854015735400795406336      
   69.0000000000000000000000000000000000         0.00000000000000000000000000000000000        0.281748554443291841003141879355738542         2.81748554443291841003141879355735539E-0002   0.00000000000000000000000000000000000        0.309923409887621025103456067291312117      
   70.0000000000000000000000000000000000         0.00000000000000000000000000000000000        0.262331375236232227125904983577538054         2.62331375236232227125904983577542905E-0002   0.00000000000000000000000000000000000        0.288564512759855449838495481935292327      
   71.0000000000000000000000000000000000         0.00000000000000000000000000000000000        0.244297885963305389004052588109327270         2.44297885963305389004052588109325874E-0002   0.00000000000000000000000000000000000        0.268727674559635927904457846920259882      
   72.0000000000000000000000000000000000         0.00000000000000000000000000000000000        0.227546593760043195417762281133004999         2.27546593760043195417762281133005114E-0002   0.00000000000000000000000000000000000        0.250301253136047514959538509246305502      
   73.0000000000000000000000000000000000         0.00000000000000000000000000000000000        0.211981601124128821540474338516152308         2.11981601124128821540474338516152230E-0002   0.00000000000000000000000000000000000        0.233179761236541703694521772367767522      
   74.0000000000000000000000000000000000         0.00000000000000000000000000000000000        0.197512309668121299113362659187550495         1.97512309668121299113362659187550267E-0002   0.00000000000000000000000000000000000        0.217263540634933429024698925106305516      
   75.0000000000000000000000000000000000         0.00000000000000000000000000000000000        0.184053142900919373794013930058325990         1.84053142900919373794013930058327230E-0002   0.00000000000000000000000000000000000        0.202458457191011311173415323064158707      
   76.0000000000000000000000000000000000         0.00000000000000000000000000000000000        0.171523287421978544233944174634798462         1.71523287421978544233944174634798438E-0002   0.00000000000000000000000000000000000        0.188675616164176398657338592098278306      
   77.0000000000000000000000000000000000         0.00000000000000000000000000000000000        0.159846451908742855181375178320896678         1.59846451908742855181375178320895077E-0002   0.00000000000000000000000000000000000        0.175831097099617140699512696152986180      
   78.0000000000000000000000000000000000         0.00000000000000000000000000000000000        0.148950643274663121260250437873445447         1.48950643274663121260250437873445417E-0002   0.00000000000000000000000000000000000        0.163845707602129433386275481660789980      
   79.0000000000000000000000000000000000         0.00000000000000000000000000000000000        0.138767959372503395766952406462585365         1.38767959372503395766952406462585705E-0002   0.00000000000000000000000000000000000        0.152644755309753735343647647108843940      
   80.0000000000000000000000000000000000         0.00000000000000000000000000000000000        0.129234397615346238441971369262526386         1.29234397615346238441971369262526497E-0002   0.00000000000000000000000000000000000        0.142157837376880862286168506188779034      
   81.0000000000000000000000000000000000         0.00000000000000000000000000000000000        0.120289678885754698927672523089181247         1.20289678885754698927672523089181813E-0002   0.00000000000000000000000000000000000        0.132318646774330168820439775398099428      
   82.0000000000000000000000000000000000         0.00000000000000000000000000000000000        0.111877086101896805340498480472114992         1.11877086101896805340498480472115314E-0002   0.00000000000000000000000000000000000        0.123064794712086485874548328519326519      
   83.0000000000000000000000000000000000         0.00000000000000000000000000000000000        0.103943316808050803748217748136147529         1.03943316808050803748217748136146223E-0002   0.00000000000000000000000000000000000        0.114337648488855884123039522949762149      
   84.0000000000000000000000000000000000         0.00000000000000000000000000000000000         9.64383491557529313083904839217394149E-0002   9.64383491557529313083904839217406758E-0003   0.00000000000000000000000000000000000        0.106082184071328224439229532313913484      
   85.0000000000000000000000000000000000         0.00000000000000000000000000000000000         8.93153206408932027609577444885539304E-0002   8.93153206408932027609577444885539575E-0003   0.00000000000000000000000000000000000         9.82468527049825230370535189374093247E-0002
   86.0000000000000000000000000000000000         0.00000000000000000000000000000000000         8.25304189612802984128664816325510853E-0002   8.25304189612802984128664816325505647E-0003   0.00000000000000000000000000000000000         9.07834608574083282541531297958061373E-0002
   87.0000000000000000000000000000000000         0.00000000000000000000000000000000000         7.60427843585586138780536284278260313E-0002   7.60427843585586138780536284278260298E-0003   0.00000000000000000000000000000000000         8.36470627944144752658589912706086380E-0002
   88.0000000000000000000000000000000000         0.00000000000000000000000000000000000         6.98144228078459956931878276258437957E-0002   6.98144228078459956931878276258426101E-0003   0.00000000000000000000000000000000000         7.67958650886305952625066103884280597E-0002
   89.0000000000000000000000000000000000         0.00000000000000000000000000000000000         6.38101294180493763894993296015331159E-0002   6.38101294180493763894993296015340623E-0003   0.00000000000000000000000000000000000         7.01911423598543140284492625616865214E-0002
   90.0000000000000000000000000000000000         0.00000000000000000000000000000000000         5.79974214054896696391811652160221691E-0002   5.79974214054896696391811652160225542E-0003   0.00000000000000000000000000000000000         6.37971635460386366030992817376244215E-0002
   91.0000000000000000000000000000000000         0.00000000000000000000000000000000000         5.23464800032114826996390334791603945E-0002   5.23464800032114826996390334791592405E-0003   0.00000000000000000000000000000000000         5.75811280035326309696029368270763178E-0002
   92.0000000000000000000000000000000000         0.00000000000000000000000000000000000         4.68301006681542399291859847975120751E-0002   4.68301006681542399291859847975127477E-0003   0.00000000000000000000000000000000000         5.15131107349696639221045832772633506E-0002
   93.0000000000000000000000000000000000         0.00000000000000000000000000000000000         4.14236509482079976129188130746300246E-0002   4.14236509482079976129188130746295356E-0003   0.00000000000000000000000000000000000         4.55660160430287973742106943820929759E-0002
   94.0000000000000000000000000000000000         0.00000000000000000000000000000000000         3.61050353710602061284095941328527426E-0002   3.61050353710602061284095941328529495E-0003   0.00000000000000000000000000000000000         3.97155389081662267412505535461380349E-0002
   95.0000000000000000000000000000000000         0.00000000000000000000000000000000000         3.08546667166512132352968936060588259E-0002   3.08546667166512132352968936060587432E-0003   0.00000000000000000000000000000000000         3.39401333883163345588265829666646980E-0002
   96.0000000000000000000000000000000000         0.00000000000000000000000000000000000         2.56554430349901103036941029716101678E-0002   2.56554430349901103036941029716103710E-0003   0.00000000000000000000000000000000000         2.82209873384891213340635132687712042E-0002
   97.0000000000000000000000000000000000         0.00000000000000000000000000000000000         2.04927297710335508807479818330770120E-0002   2.04927297710335508807479818330770805E-0003   0.00000000000000000000000000000000000         2.25420027481369059688227800163847205E-0002
   98.0000000000000000000000000000000000         0.00000000000000000000000000000000000         1.53543463582944201448500170441644244E-0002   1.53543463582944201448500170441644463E-0003   0.00000000000000000000000000000000000         1.68897809941238621593350187485808702E-0002
   99.0000000000000000000000000000000000         0.00000000000000000000000000000000000         1.02305566428215806341919269100213276E-0002   1.02305566428215806341919269100213160E-0003   0.00000000000000000000000000000000000         1.12536123071037386976111196010234598E-0002
   100.000000000000000000000000000000000         0.00000000000000000000000000000000000         5.11406249917394800003039417115589947E-0003   5.11406249917394800003039417115584944E-0004   0.00000000000000000000000000000000000         5.62546874909134280003343358827148460E-0003
   101.000000000000000000000000000000000         0.00000000000000000000000000000000000         0.00000000000000000000000000000000000         0.00000000000000000000000000000000000         0.00000000000000000000000000000000000         0.00000000000000000000000000000000000      
