   0.00000000000000000000000000000000000         0.00000000000000000000000000000000000         3.15576004213391492214668687665835023E-0003   57.7613935120452424360269711520585118         0.00000000000000000000000000000000000         57.7645492720873763509491178389351702      
   1.00000000000000000000000000000000000         0.00000000000000000000000000000000000         3.15576004213391492214668687665835023E-0003   52.0671870424751688363259560141513567         0.00000000000000000000000000000000000         52.0703428025173027512481027010280151      
   2.00000000000000000000000000000000000         0.00000000000000000000000000000000000         3.15576004213391492214668687665835023E-0003   46.9527367880445310781383636385438099         0.00000000000000000000000000000000000         46.9558925480866649930605103254204683      
   3.00000000000000000000000000000000000         0.00000000000000000000000000000000000         3.15576004213391492214668687665835023E-0003   42.3754402004833721722090761246182443         0.00000000000000000000000000000000000         42.3785959605255060871312228114949027      
   4.00000000000000000000000000000000000         0.00000000000000000000000000000000000         3.15576004213391492214668687665835023E-0003   38.2946937646864969807552652244018823         0.00000000000000000000000000000000000         38.2978495247286308956774119112785407      
   5.00000000000000000000000000000000000         0.00000000000000000000000000000000000         3.15576004213391492214668687665835023E-0003   34.6711162606428876785436734598924127         0.00000000000000000000000000000000000         34.6742720206850215934658201467690711      
   6.00000000000000000000000000000000000         0.00000000000000000000000000000000000         3.15576004213391492214668687665835023E-0003   31.4660118471306690125242174888198032         0.00000000000000000000000000000000000         31.4691676071728029274463641756964615      
   7.00000000000000000000000000000000000         0.00000000000000000000000000000000000         3.15576004213391492214668687665835023E-0003   28.6412535613121008247028858347397749         0.00000000000000000000000000000000000         28.6444093213542347396250325216164333      
   8.00000000000000000000000000000000000         0.00000000000000000000000000000000000         3.15576004213391492214668687665835023E-0003   26.1595797597569799901219115681365004         0.00000000000000000000000000000000000         26.1627355197991139050440582550131587      
   9.00000000000000000000000000000000000         0.00000000000000000000000000000000000         3.15576004213391492214668687665835023E-0003   23.9851618832383087987646463261835788         0.00000000000000000000000000000000000         23.9883176432804427136867930130602371      
   10.0000000000000000000000000000000000         0.00000000000000000000000000000000000         3.15576004213391492214668687665835023E-0003   22.0842439722743882417603374618234606         0.00000000000000000000000000000000000         22.0873997323165221566824841487001190      
   11.0000000000000000000000000000000000         0.00000000000000000000000000000000000         3.15576004213391492214668687665835023E-0003   20.4256682659046432235894460509056661         0.00000000000000000000000000000000000         20.4288240259467771385115927377823244      
   12.0000000000000000000000000000000000         0.00000000000000000000000000000000000         3.15576004213391492214668687665835023E-0003   18.9811635088870386308845726793458190         0.00000000000000000000000000000000000         18.9843192689291725458067193662224773      
   13.0000000000000000000000000000000000         0.00000000000000000000000000000000000         3.15576004213391492214668687665835023E-0003   17.7253524611836949566017837199464763         0.00000000000000000000000000000000000         17.7285082212258288715239304068231346      
   14.0000000000000000000000000000000000         0.00000000000000000000000000000000000         3.15576004213391492214668687665835023E-0003   16.6355055752612668147775296144726082         0.00000000000000000000000000000000000         16.6386613353034007296996763013492666      
   15.0000000000000000000000000000000000         0.00000000000000000000000000000000000         12.9459243015461667370140210511146362         2.74834407124609603665439102945521515         0.00000000000000000000000000000000000         15.6942683727922627736684120805698505      
   16.0000000000000000000000000000000000         0.00000000000000000000000000000000000         13.5241043260620013058252113168366506         1.35241043260620013058252113168364954         0.00000000000000000000000000000000000         14.8765147586682014364077324485203008      
   17.0000000000000000000000000000000000         0.00000000000000000000000000000000000         12.8155249115459033514277138168314436         1.28155249115459033514277138168314756         0.00000000000000000000000000000000000         14.0970774027004936865704851985145914      
   18.0000000000000000000000000000000000         0.00000000000000000000000000000000000         12.1403724364540452273075539211096277         1.21403724364540452273075539211095249         0.00000000000000000000000000000000000         13.3544096800994497500383093132205808      
   19.0000000000000000000000000000000000         0.00000000000000000000000000000000000         11.4972910462409355650096390336699169         1.14972910462409355650096390336697736         0.00000000000000000000000000000000000         12.6470201508650291215106029370368942      
   20.0000000000000000000000000000000000         0.00000000000000000000000000000000000         10.8849721333079943438066061457064557         1.08849721333079943438066061457064302         0.00000000000000000000000000000000000         11.9734693466387937781872667602770991      
   21.0000000000000000000000000000000000         0.00000000000000000000000000000000000         10.3021518253492281223766422880143779         1.03021518253492281223766422880146503         0.00000000000000000000000000000000000         11.3323670078841509346143065168158424      
   22.0000000000000000000000000000000000         0.00000000000000000000000000000000000         9.74760884703357252926520303566216483        0.974760884703357252926520303566211630         0.00000000000000000000000000000000000         10.7223697317369297821917233392283768      
   23.0000000000000000000000000000000000         0.00000000000000000000000000000000000         9.22016271267899619714014050654477046        0.922016271267899619714014050654475563         0.00000000000000000000000000000000000         10.1421789839468958168541545571992461      
   24.0000000000000000000000000000000000         0.00000000000000000000000000000000000         8.71867220437850777119502736385535756        0.871867220437850777119502736385544134         0.00000000000000000000000000000000000         9.59053942481635854831453010024090102      
   25.0000000000000000000000000000000000         0.00000000000000000000000000000000000         8.24203408942663063458144544458283952        0.824203408942663063458144544458274630         0.00000000000000000000000000000000000         9.06623749836929369803958998904111454      
   26.0000000000000000000000000000000000         0.00000000000000000000000000000000000         7.78918203233546696088141665147174272        0.778918203233546696088141665147159057         0.00000000000000000000000000000000000         8.56810023556901365696955831661890159      
   27.0000000000000000000000000000000000         0.00000000000000000000000000000000000         7.35908565970662411153118082404029190        0.735908565970662411153118082404039301         0.00000000000000000000000000000000000         8.09499422567728652268429890644433149      
   28.0000000000000000000000000000000000         0.00000000000000000000000000000000000         6.95074974026355462843504487173745492        0.695074974026355462843504487173755160         0.00000000000000000000000000000000000         7.64582471428991009127854935891121027      
   29.0000000000000000000000000000000000         0.00000000000000000000000000000000000         6.56321344702912804803082453849281408        0.656321344702912804803082453849266001         0.00000000000000000000000000000000000         7.21953479173204085283390699234208047      
   30.0000000000000000000000000000000000         0.00000000000000000000000000000000000         6.19554967360181156121389969354222086        0.619554967360181156121389969354217503         0.00000000000000000000000000000000000         6.81510464096199271733528966289643817      
   31.0000000000000000000000000000000000         0.00000000000000000000000000000000000         5.84686438145559141282199949166714975        0.584686438145559141282199949166717652         0.00000000000000000000000000000000000         6.43155081960115055410419944083386750      
   32.0000000000000000000000000000000000         0.00000000000000000000000000000000000         5.51629595994571369874754148121347398        0.551629595994571369874754148121358607         0.00000000000000000000000000000000000         6.06792555594028506862229562933483278      
   33.0000000000000000000000000000000000         0.00000000000000000000000000000000000         5.20301458508862917627130876649989788        0.520301458508862917627130876649980120         0.00000000000000000000000000000000000         5.72331604359749209389843964314987781      
   34.0000000000000000000000000000000000         0.00000000000000000000000000000000000         4.90622156709935627873283614672600350        0.490622156709935627873283614672596691         0.00000000000000000000000000000000000         5.39684372380929190660611976139860000      
   35.0000000000000000000000000000000000         0.00000000000000000000000000000000000         4.62514868005856459959895059865350610        0.462514868005856459959895059865359931         0.00000000000000000000000000000000000         5.08766354806442105955884565851886565      
   36.0000000000000000000000000000000000         0.00000000000000000000000000000000000         4.35905746992847479064709861418554986        0.435905746992847479064709861418548987         0.00000000000000000000000000000000000         4.79496321692132226971180847560409899      
   37.0000000000000000000000000000000000         0.00000000000000000000000000000000000         4.10723853945367243289301365705216977        0.410723853945367243289301365705216939         0.00000000000000000000000000000000000         4.51796239339903967618231502275738691      
   38.0000000000000000000000000000000000         0.00000000000000000000000000000000000         3.86901081030369777005186191315560802        0.386901081030369777005186191315558877         0.00000000000000000000000000000000000         4.25591189133406754705704810447116652      
   39.0000000000000000000000000000000000         0.00000000000000000000000000000000000         3.64372076418635073412264701952502654        0.364372076418635073412264701952504994         0.00000000000000000000000000000000000         4.00809284060498580753491172147753158      
   40.0000000000000000000000000000000000         0.00000000000000000000000000000000000         3.43074166563963209952233007575624974        0.343074166563963209952233007575619379         0.00000000000000000000000000000000000         3.77381583220359530947456308333186917      
   41.0000000000000000000000000000000000         0.00000000000000000000000000000000000         3.22947276985494919847265428772162330        0.322947276985494919847265428772171815         0.00000000000000000000000000000000000         3.55242004684044411831991971649379507      
   42.0000000000000000000000000000000000         0.00000000000000000000000000000000000         3.03933851925300458091244980438355040        0.303933851925300458091244980438350630         0.00000000000000000000000000000000000         3.34327237117830503900369478482190113      
   43.0000000000000000000000000000000000         0.00000000000000000000000000000000000         2.85978773268186777192312875205017448        0.285978773268186777192312875205014492         0.00000000000000000000000000000000000         3.14576650595005454911544162725518912      
   44.0000000000000000000000000000000000         0.00000000000000000000000000000000000         2.69029279108437483224239521507877899        0.269029279108437483224239521507881000         0.00000000000000000000000000000000000         2.95932207019281231546663473658665990      
   45.0000000000000000000000000000000000         0.00000000000000000000000000000000000         2.53034882333349153939156906843872756        0.253034882333349153939156906843875308         0.00000000000000000000000000000000000         2.78338370566684069333072597528260302      
   46.0000000000000000000000000000000000         0.00000000000000000000000000000000000         2.37947289569745600703579293350435026        0.237947289569745600703579293350432922         0.00000000000000000000000000000000000         2.61742018526720160773937222685478301      
   47.0000000000000000000000000000000000         0.00000000000000000000000000000000000         2.23720320810278493077893419373280150        0.223720320810278493077893419373282268         0.00000000000000000000000000000000000         2.46092352891306342385682761310608357      
   48.0000000000000000000000000000000000         0.00000000000000000000000000000000000         2.10309830003786481332864297984124461        0.210309830003786481332864297984126214         0.00000000000000000000000000000000000         2.31340813004165129466150727782537092      
   49.0000000000000000000000000000000000         0.00000000000000000000000000000000000         1.97673626860255591045616823751083023        0.197673626860255591045616823751083793         0.00000000000000000000000000000000000         2.17440989546281150150178506126191402      
   50.0000000000000000000000000000000000         0.00000000000000000000000000000000000         1.85771400087479646317711102139629718        0.185771400087479646317711102139628423         0.00000000000000000000000000000000000         2.04348540096227610949482212353592563      
   51.0000000000000000000000000000000000         0.00000000000000000000000000000000000         1.74564642244419315908069157011051247        0.174564642244419315908069157011049566         0.00000000000000000000000000000000000         1.92021106468861247498876072712156196      
   52.0000000000000000000000000000000000         0.00000000000000000000000000000000000         1.64016576366212369271906333426249593        0.164016576366212369271906333426245986         0.00000000000000000000000000000000000         1.80418234002833606199096966768874184      
   53.0000000000000000000000000000000000         0.00000000000000000000000000000000000         1.54092084488225874636701178114748620        0.154092084488225874636701178114752959         0.00000000000000000000000000000000000         1.69501292937048462100371295926223914      
   54.0000000000000000000000000000000000         0.00000000000000000000000000000000000         1.44757638171674747595558031473304601        0.144757638171674747595558031473303561         0.00000000000000000000000000000000000         1.59233401988842222355113834620634967      
   55.0000000000000000000000000000000000         0.00000000000000000000000000000000000         1.35981231111207119838807304276169384        0.135981231111207119838807304276167804         0.00000000000000000000000000000000000         1.49579354222327831822688034703786164      
   56.0000000000000000000000000000000000         0.00000000000000000000000000000000000         1.27732313885403743625358177671890323        0.127732313885403743625358177671892712         0.00000000000000000000000000000000000         1.40505545273944117987893995439079604      
   57.0000000000000000000000000000000000         0.00000000000000000000000000000000000         1.19981730894203751659950736679828179        0.119981730894203751659950736679826829         0.00000000000000000000000000000000000         1.31979903983624126825945810347810859      
   58.0000000000000000000000000000000000         0.00000000000000000000000000000000000         1.12701659512649977033904226460345904        0.112701659512649977033904226460346706         0.00000000000000000000000000000000000         1.23971825463914974737294649106380574      
   59.0000000000000000000000000000000000         0.00000000000000000000000000000000000         1.05865551477814456850702744521374248        0.105865551477814456850702744521375288         0.00000000000000000000000000000000000         1.16452106625595902535773018973511777      
   60.0000000000000000000000000000000000         0.00000000000000000000000000000000000        0.994480765150804541876887424840888970         9.94480765150804541876887424840871300E-0002   0.00000000000000000000000000000000000         1.09392884166588499606457616732497612      
   61.0000000000000000000000000000000000         0.00000000000000000000000000000000000        0.934250682008868003707569323504731484         9.34250682008868003707569323504738851E-0002   0.00000000000000000000000000000000000         1.02767575020975480407832625585520535      
   62.0000000000000000000000000000000000         0.00000000000000000000000000000000000        0.877734720513613882922078531142305783         8.77734720513613882922078531142317507E-0002   0.00000000000000000000000000000000000        0.965508192564975271214286384256537546      
   63.0000000000000000000000000000000000         0.00000000000000000000000000000000000        0.824712958197787911746856004123009775         8.24712958197787911746856004123003564E-0002   0.00000000000000000000000000000000000        0.907184254017566702921541604535310156      
   64.0000000000000000000000000000000000         0.00000000000000000000000000000000000        0.774975619802884666490042930462397822         7.74975619802884666490042930462393874E-0002   0.00000000000000000000000000000000000        0.852473181783173133139047223508637210      
   65.0000000000000000000000000000000000         0.00000000000000000000000000000000000        0.728322623707128150400733719804060861         7.28322623707128150400733719804044491E-0002   0.00000000000000000000000000000000000        0.801154886077840965440807091784465310      
   66.0000000000000000000000000000000000         0.00000000000000000000000000000000000        0.684563149632679993344318991050364371         6.84563149632679993344318991050376841E-0002   0.00000000000000000000000000000000000        0.753019464595947992678750890155402079      
   67.0000000000000000000000000000000000         0.00000000000000000000000000000000000        0.643515227286948187195813122110265431         6.43515227286948187195813122110268079E-0002   0.00000000000000000000000000000000000        0.707866750015643005915394434321292263      
   68.0000000000000000000000000000000000         0.00000000000000000000000000000000000        0.605005345564007233492998054302071873         6.05005345564007233492998054302074220E-0002   0.00000000000000000000000000000000000        0.665505880120407956842297859732279253      
   69.0000000000000000000000000000000000         0.00000000000000000000000000000000000        0.568868081907227267727329580944381724         5.68868081907227267727329580944370686E-0002   0.00000000000000000000000000000000000        0.625754890097949994500062539038818750      
   70.0000000000000000000000000000000000         0.00000000000000000000000000000000000        0.534945751412547138657553701864054073         5.34945751412547138657553701864058009E-0002   0.00000000000000000000000000000000000        0.588440326553801852523309072050459856      
   71.0000000000000000000000000000000000         0.00000000000000000000000000000000000        0.503088075232843611363381498391668864         5.03088075232843611363381498391670068E-0002   0.00000000000000000000000000000000000        0.553396882756127972499719648230835895      
   72.0000000000000000000000000000000000         0.00000000000000000000000000000000000        0.473151867827082730687703748353704282         4.73151867827082730687703748353701550E-0002   0.00000000000000000000000000000000000        0.520467054609791003756474123189074407      
   73.0000000000000000000000000000000000         0.00000000000000000000000000000000000        0.445000742583017120725369061623222975         4.45000742583017120725369061623222084E-0002   0.00000000000000000000000000000000000        0.489500816841318832797905967785545171      
   74.0000000000000000000000000000000000         0.00000000000000000000000000000000000        0.418504835328816443547026172866701242         4.18504835328816443547026172866699136E-0002   0.00000000000000000000000000000000000        0.460355318861698087901728790153371174      
   75.0000000000000000000000000000000000         0.00000000000000000000000000000000000        0.393540545236950223098941124757007303         3.93540545236950223098941124757010059E-0002   0.00000000000000000000000000000000000        0.432894599760645245408835237232708327      
   76.0000000000000000000000000000000000         0.00000000000000000000000000000000000        0.369990292612694870011445245774188856         3.69990292612694870011445245774189073E-0002   0.00000000000000000000000000000000000        0.406989321873964357012589770351607751      
   77.0000000000000000000000000000000000         0.00000000000000000000000000000000000        0.347742293049661539481888277813926176         3.47742293049661539481888277813924419E-0002   0.00000000000000000000000000000000000        0.382516522354627693430077105595318630      
   78.0000000000000000000000000000000000         0.00000000000000000000000000000000000        0.326690347425621123884039127920895612         3.26690347425621123884039127920895901E-0002   0.00000000000000000000000000000000000        0.359359382168183236272443040712985203      
   79.0000000000000000000000000000000000         0.00000000000000000000000000000000000        0.306733647203544360626368006977064534         3.06733647203544360626368006977060881E-0002   0.00000000000000000000000000000000000        0.337407011923898796689004807674770631      
   80.0000000000000000000000000000000000         0.00000000000000000000000000000000000        0.287776594495104800848808875175723048         2.87776594495104800848808875175724071E-0002   0.00000000000000000000000000000000000        0.316554253944615280933689762693295449      
   81.0000000000000000000000000000000000         0.00000000000000000000000000000000000        0.269728636336850841710679441113086928         2.69728636336850841710679441113090148E-0002   0.00000000000000000000000000000000000        0.296701499970535925881747385224395958      
   82.0000000000000000000000000000000000         0.00000000000000000000000000000000000        0.252504112622791800889036571443725276         2.52504112622791800889036571443724024E-0002   0.00000000000000000000000000000000000        0.277754523885070980977940228588097702      
   83.0000000000000000000000000000000000         0.00000000000000000000000000000000000        0.236022117131221991616877279255868957         2.36022117131221991616877279255867597E-0002   0.00000000000000000000000000000000000        0.259624328844344190778565007181455711      
   84.0000000000000000000000000000000000         0.00000000000000000000000000000000000        0.220206371078191930750691283792068291         2.20206371078191930750691283792071258E-0002   0.00000000000000000000000000000000000        0.242227008186011123825760412171275426      
   85.0000000000000000000000000000000000         0.00000000000000000000000000000000000        0.204985108625097615619588667041502862         2.04985108625097615619588667041501755E-0002   0.00000000000000000000000000000000000        0.225483619487607377181547533745653038      
   86.0000000000000000000000000000000000         0.00000000000000000000000000000000000        0.190290973763370847754715300175296003         1.90290973763370847754715300175296665E-0002   0.00000000000000000000000000000000000        0.209320071139707932530186830192825663      
   87.0000000000000000000000000000000000         0.00000000000000000000000000000000000        0.176060927995191690204833838356821553         1.76060927995191690204833838356818634E-0002   0.00000000000000000000000000000000000        0.193667020794710859225317222192503407      
   88.0000000000000000000000000000000000         0.00000000000000000000000000000000000        0.162236168225485649570561459682786141         1.62236168225485649570561459682786484E-0002   0.00000000000000000000000000000000000        0.178459785048034214527617605651064787      
   89.0000000000000000000000000000000000         0.00000000000000000000000000000000000        0.148762054277191380124691202371922501         1.48762054277191380124691202371922956E-0002   0.00000000000000000000000000000000000        0.163638259704910518137160322609114804      
   90.0000000000000000000000000000000000         0.00000000000000000000000000000000000        0.135588045438868517140405269617114071         1.35588045438868517140405269617113650E-0002   0.00000000000000000000000000000000000        0.149146849982755368854445796578825442      
   91.0000000000000000000000000000000000         0.00000000000000000000000000000000000        0.122667645451138887196166279956267524         1.22667645451138887196166279956267885E-0002   0.00000000000000000000000000000000000        0.134934409996252775915782907951894307      
   92.0000000000000000000000000000000000         0.00000000000000000000000000000000000        0.109958355336197181195066702035465197         1.09958355336197181195066702035466175E-0002   0.00000000000000000000000000000000000        0.120954190869816899314573372239011819      
   93.0000000000000000000000000000000000         0.00000000000000000000000000000000000         9.74216334726685922666811761455607131E-0002   9.74216334726685922666811761455586939E-0003   0.00000000000000000000000000000000000        0.107163796819935451493349293760116587      
   94.0000000000000000000000000000000000         0.00000000000000000000000000000000000         8.50228623164102329820817922785214112E-0002   8.50228623164102329820817922785217813E-0003   0.00000000000000000000000000000000000         9.35251485480512562802899715063735848E-0002
   95.0000000000000000000000000000000000         0.00000000000000000000000000000000000         7.27313211664295628183545328558202515E-0002   7.27313211664295628183545328558191396E-0003   0.00000000000000000000000000000000000         8.00044532830725191001899861414021647E-0002
   96.0000000000000000000000000000000000         0.00000000000000000000000000000000000         6.05201643739056555093034588289634334E-0002   6.05201643739056555093034588289640337E-0003   0.00000000000000000000000000000000000         6.65721808112962210602338047118598345E-0002
   97.0000000000000000000000000000000000         0.00000000000000000000000000000000000         4.83664043913268592367858491396157809E-0002   4.83664043913268592367858491396165512E-0003   0.00000000000000000000000000000000000         5.32030448304595451604644340535774330E-0002
   98.0000000000000000000000000000000000         0.00000000000000000000000000000000000         3.62508990579800633391584955688366165E-0002   3.62508990579800633391584955688369430E-0003   0.00000000000000000000000000000000000         3.98759889637780696730743451257203100E-0002
   99.0000000000000000000000000000000000         0.00000000000000000000000000000000000         2.41583425174210792601511059951185568E-0002   2.41583425174210792601511059951184560E-0003   0.00000000000000000000000000000000000         2.65741767691631871861662165946304017E-0002
   100.000000000000000000000000000000000         0.00000000000000000000000000000000000         1.20772591621011665001839424059710553E-0002   1.20772591621011665001839424059709504E-0003   0.00000000000000000000000000000000000         1.32849850783112831502023366465681502E-0002
   101.000000000000000000000000000000000         0.00000000000000000000000000000000000         0.00000000000000000000000000000000000         0.00000000000000000000000000000000000         0.00000000000000000000000000000000000         0.00000000000000000000000000000000000      
