   0.00000000000000000000000000000000000         0.00000000000000000000000000000000000         3.15576004213391492214668687665835023E-0003   103.506216716353365319509363116340104         0.00000000000000000000000000000000000         103.509372476395499234431509803216762      
   1.00000000000000000000000000000000000         0.00000000000000000000000000000000000         3.15576004213391492214668687665835023E-0003   95.8029238482380121265980989748074863         0.00000000000000000000000000000000000         95.8060796082801460415202456616841446      
   2.00000000000000000000000000000000000         0.00000000000000000000000000000000000         3.15576004213391492214668687665835023E-0003   88.6899591317545362443174992646332968         0.00000000000000000000000000000000000         88.6931148917966701592396459515099551      
   3.00000000000000000000000000000000000         0.00000000000000000000000000000000000         3.15576004213391492214668687665835023E-0003   82.1334049469111113700660553634569426         0.00000000000000000000000000000000000         82.1365607069532452849882020503336009      
   4.00000000000000000000000000000000000         0.00000000000000000000000000000000000         3.15576004213391492214668687665835023E-0003   76.1001452127750811383672208461616640         0.00000000000000000000000000000000000         76.1033009728172150532893675330383224      
   5.00000000000000000000000000000000000         0.00000000000000000000000000000000000         3.15576004213391492214668687665835023E-0003   70.5579455215677942211063067884492909         0.00000000000000000000000000000000000         70.5611012816099281360284534753259492      
   6.00000000000000000000000000000000000         0.00000000000000000000000000000000000         3.15576004213391492214668687665835023E-0003   65.4755522154509118814740653334706710         0.00000000000000000000000000000000000         65.4787079754930457963962120203473294      
   7.00000000000000000000000000000000000         0.00000000000000000000000000000000000         3.15576004213391492214668687665835023E-0003   60.8227975762338528783295157656260711         0.00000000000000000000000000000000000         60.8259533362759867932516624525027295      
   8.00000000000000000000000000000000000         0.00000000000000000000000000000000000         3.15576004213391492214668687665835023E-0003   56.5706998813411189216015929589475776         0.00000000000000000000000000000000000         56.5738556413832528365237396458242359      
   9.00000000000000000000000000000000000         0.00000000000000000000000000000000000         3.15576004213391492214668687665835023E-0003   52.6915490830310326883131782918544418         0.00000000000000000000000000000000000         52.6947048430731666032353249787311002      
   10.0000000000000000000000000000000000         0.00000000000000000000000000000000000         3.15576004213391492214668687665835023E-0003   49.1589711551852283913358941501327924         0.00000000000000000000000000000000000         49.1621269152273623062580408370094507      
   11.0000000000000000000000000000000000         0.00000000000000000000000000000000000         3.15576004213391492214668687665835023E-0003   45.9479665549251674026615151890788936         0.00000000000000000000000000000000000         45.9511223149673013175836618759555519      
   12.0000000000000000000000000000000000         0.00000000000000000000000000000000000         3.15576004213391492214668687665835023E-0003   43.0349205894168659183383190532703601         0.00000000000000000000000000000000000         43.0380763494589998332604657401470185      
   13.0000000000000000000000000000000000         0.00000000000000000000000000000000000         3.15576004213391492214668687665835023E-0003   40.3975856018729865679192910368422565         0.00000000000000000000000000000000000         40.4007413619151204828414377237189149      
   14.0000000000000000000000000000000000         0.00000000000000000000000000000000000         3.15576004213391492214668687665835023E-0003   38.0150366693212580621621799231656005         0.00000000000000000000000000000000000         38.0181924293633919770843266100422589      
   15.0000000000000000000000000000000000         0.00000000000000000000000000000000000         3.15576004213391492214668687665835023E-0003   35.8676038574087531259353350699377952         0.00000000000000000000000000000000000         35.8707596174508870408574817568144536      
   16.0000000000000000000000000000000000         0.00000000000000000000000000000000000         3.15576004213391492214668687665835023E-0003   33.9367849715747616882378609959331509         0.00000000000000000000000000000000000         33.9399407316168956031600076828098093      
   17.0000000000000000000000000000000000         0.00000000000000000000000000000000000         3.15576004213391492214668687665835023E-0003   32.2051431909549495523795237382658223         0.00000000000000000000000000000000000         32.2082989509970834673016704251424807      
   18.0000000000000000000000000000000000         0.00000000000000000000000000000000000         3.15576004213391492214668687665835023E-0003   30.6561940188514671350918162657661394         0.00000000000000000000000000000000000         30.6593497788936010500139629526427977      
   19.0000000000000000000000000000000000         0.00000000000000000000000000000000000         3.15576004213391492214668687665835023E-0003   29.2742857036159396422608138996754906         0.00000000000000000000000000000000000         29.2774414636580735571829605865521490      
   20.0000000000000000000000000000000000         0.00000000000000000000000000000000000         17.8705747613937119185661109204125934         10.1770577597827316406494209136409729         0.00000000000000000000000000000000000         28.0476325211764435592155318340535663      
   21.0000000000000000000000000000000000         0.00000000000000000000000000000000000         24.5050630103068658630972211530537726         2.45050630103068658630972211530551693         0.00000000000000000000000000000000000         26.9555693113375524494069432683592907      
   22.0000000000000000000000000000000000         0.00000000000000000000000000000000000         23.5483410654830008832546582987022407         2.35483410654830008832546582987008694         0.00000000000000000000000000000000000         25.9031751720313009715801241285723277      
   23.0000000000000000000000000000000000         0.00000000000000000000000000000000000         22.6265633344427161221937131948199218         2.26265633344427161221937131948206729         0.00000000000000000000000000000000000         24.8892196678869877344130845143019880      
   24.0000000000000000000000000000000000         0.00000000000000000000000000000000000         21.7386394204156743812904026017662320         2.17386394204156743812904026017663099         0.00000000000000000000000000000000000         23.9125033624572418194194428619428626      
   25.0000000000000000000000000000000000         0.00000000000000000000000000000000000         20.8835062984533244263498879511787347         2.08835062984533244263498879511785352         0.00000000000000000000000000000000000         22.9718569282986568689848767462965878      
   26.0000000000000000000000000000000000         0.00000000000000000000000000000000000         20.0601275396121296201297903158987148         2.00601275396121296201297903158987819         0.00000000000000000000000000000000000         22.0661402935733425821427693474885919      
   27.0000000000000000000000000000000000         0.00000000000000000000000000000000000         19.2674925679361204894657462422539930         1.92674925679361204894657462422535921         0.00000000000000000000000000000000000         21.1942418247297325384123208664793517      
   28.0000000000000000000000000000000000         0.00000000000000000000000000000000000         18.5046159495530954345845045753728617         1.85046159495530954345845045753727342         0.00000000000000000000000000000000000         20.3550775445084049780429550329101349      
   29.0000000000000000000000000000000000         0.00000000000000000000000000000000000         17.7705367129653880223038736041948253         1.77705367129653880223038736041950356         0.00000000000000000000000000000000000         19.5475903842619268245342609646143300      
   30.0000000000000000000000000000000000         0.00000000000000000000000000000000000         17.0643176994302472963566870832792589         1.70643176994302472963566870832791665         0.00000000000000000000000000000000000         18.7707494693732720259923557916071740      
   31.0000000000000000000000000000000000         0.00000000000000000000000000000000000         16.3850449421829212076950157021121737         1.63850449421829212076950157021122038         0.00000000000000000000000000000000000         18.0235494364012133284645172723233929      
   32.0000000000000000000000000000000000         0.00000000000000000000000000000000000         15.7318270731536044165860939896292543         1.57318270731536044165860939896296395         0.00000000000000000000000000000000000         17.3050097804689648582447033885922198      
   33.0000000000000000000000000000000000         0.00000000000000000000000000000000000         15.1037947557634623599025089231223608         1.51037947557634623599025089231221678         0.00000000000000000000000000000000000         16.6141742313398085958927598154345763      
   34.0000000000000000000000000000000000         0.00000000000000000000000000000000000         14.5001001423508639466816026768843815         1.45001001423508639466816026768842316         0.00000000000000000000000000000000000         15.9501101565859503413497629445728048      
   35.0000000000000000000000000000000000         0.00000000000000000000000000000000000         13.9199163547726597005066504977058263         1.39199163547726597005066504977058906         0.00000000000000000000000000000000000         15.3119079902499256705573155474764156      
   36.0000000000000000000000000000000000         0.00000000000000000000000000000000000         13.3624369867428414410115490915374387         1.33624369867428414410115490915371779         0.00000000000000000000000000000000000         14.6986806854171255851127040006911559      
   37.0000000000000000000000000000000000         0.00000000000000000000000000000000000         12.8268756265083816623687957877266486         1.28268756265083816623687957877271459         0.00000000000000000000000000000000000         14.1095631891592198286056753664993626      
   38.0000000000000000000000000000000000         0.00000000000000000000000000000000000         12.3124653985158493278920041809485610         1.23124653985158493278920041809482767         0.00000000000000000000000000000000000         13.5437119383674342606812045990433883      
   39.0000000000000000000000000000000000         0.00000000000000000000000000000000000         11.8184585227891507098998527548505030         1.18184585227891507098998527548507961         0.00000000000000000000000000000000000         13.0003043750680657808898380303355832      
   40.0000000000000000000000000000000000         0.00000000000000000000000000000000000         11.3441258908153362694847531180892988         1.13441258908153362694847531180890165         0.00000000000000000000000000000000000         12.4785384798968698964332284298982007      
   41.0000000000000000000000000000000000         0.00000000000000000000000000000000000         10.8887566568190225048904094685504108         1.08887566568190225048904094685507941         0.00000000000000000000000000000000000         11.9776323225009247553794504154054896      
   42.0000000000000000000000000000000000         0.00000000000000000000000000000000000         10.4516578433940737482987895398879022         1.04516578433940737482987895398879288         0.00000000000000000000000000000000000         11.4968236277334811231286684938766957      
   43.0000000000000000000000000000000000         0.00000000000000000000000000000000000         10.0321539605515452075063242626886674         1.00321539605515452075063242626884840         0.00000000000000000000000000000000000         11.0353693566066997282569566889575150      
   44.0000000000000000000000000000000000         0.00000000000000000000000000000000000         9.62958663733357283999441439474157269        0.962958663733357283999441439474189547         0.00000000000000000000000000000000000         10.5925453010669301239938558342157618      
   45.0000000000000000000000000000000000         0.00000000000000000000000000000000000         9.24331426523226197167803124876485164        0.924331426523226197167803124876464672         0.00000000000000000000000000000000000         10.1676456917554881688458343736413163      
   46.0000000000000000000000000000000000         0.00000000000000000000000000000000000         8.87271165273930195103495117574665491        0.887271165273930195103495117574671789         0.00000000000000000000000000000000000         9.75998281801323214613844629332132641      
   47.0000000000000000000000000000000000         0.00000000000000000000000000000000000         8.51716969043490189813039508307818526        0.851716969043490189813039508307825672         0.00000000000000000000000000000000000         9.36888665947839208794343459138601026      
   48.0000000000000000000000000000000000         0.00000000000000000000000000000000000         8.17609502610282337695842847929856422        0.817609502610282337695842847929835873         0.00000000000000000000000000000000000         8.99370452871310571465427132722840077      
   49.0000000000000000000000000000000000         0.00000000000000000000000000000000000         7.84890974943111679786169336024998903        0.784890974943111679786169336025028543         0.00000000000000000000000000000000000         8.63380072437422847764786269627501805      
   50.0000000000000000000000000000000000         0.00000000000000000000000000000000000         7.53505108592518173472628423469211303        0.753505108592518173472628423469205159         0.00000000000000000000000000000000000         8.28855619451769990819891265816131771      
   51.0000000000000000000000000000000000         0.00000000000000000000000000000000000         7.23397109972067232083001120099994645        0.723397109972067232083001120099990774         0.00000000000000000000000000000000000         7.95736820969273955291301232109993732      
   52.0000000000000000000000000000000000         0.00000000000000000000000000000000000         6.94513640503841386769272232945103523        0.694513640503841386769272232945101250         0.00000000000000000000000000000000000         7.63965004554225525446199456239613667      
   53.0000000000000000000000000000000000         0.00000000000000000000000000000000000         6.66802788607187219583128644209094812        0.666802788607187219583128644209107966         0.00000000000000000000000000000000000         7.33483067467905941541441508630005619      
   54.0000000000000000000000000000000000         0.00000000000000000000000000000000000         6.40214042513991888237838994640281774        0.640214042513991888237838994640269813         0.00000000000000000000000000000000000         7.04235446765391077061622894104308765      
   55.0000000000000000000000000000000000         0.00000000000000000000000000000000000         6.14698263897385023400466444436043341        0.614698263897385023400466444436035156         0.00000000000000000000000000000000000         6.76168090287123525740513088879646828      
   56.0000000000000000000000000000000000         0.00000000000000000000000000000000000         5.90207662303810455021823995353966356        0.590207662303810455021823995353964161         0.00000000000000000000000000000000000         6.49228428534191500524006394889362792      
   57.0000000000000000000000000000000000         0.00000000000000000000000000000000000         5.66695770380919691960735655601144286        0.566695770380919691960735655601141725         0.00000000000000000000000000000000000         6.23365347419011661156809221161258430      
   58.0000000000000000000000000000000000         0.00000000000000000000000000000000000         5.44117419895741100142109015938739820        0.544117419895741100142109015938754438         0.00000000000000000000000000000000000         5.98529161885315210156319917532615235      
   59.0000000000000000000000000000000000         0.00000000000000000000000000000000000         5.22428718539113940531962378233829797        0.522428718539113940531962378233824558         0.00000000000000000000000000000000000         5.74671590393025334585158616057212253      
   60.0000000000000000000000000000000000         0.00000000000000000000000000000000000         5.01587027513485219404840196340432687        0.501587027513485219404840196340419071         0.00000000000000000000000000000000000         5.51745730264833741345324215974474623      
   61.0000000000000000000000000000000000         0.00000000000000000000000000000000000         4.81550939901890802795241087495405085        0.481550939901890802795241087495402851         0.00000000000000000000000000000000000         5.29706033892079883074765196244945409      
   62.0000000000000000000000000000000000         0.00000000000000000000000000000000000         4.62280259816321505817341896695131606        0.462280259816321505817341896695145251         0.00000000000000000000000000000000000         5.08508285797953656399076086364646146      
   63.0000000000000000000000000000000000         0.00000000000000000000000000000000000         4.43735982323750161571048986444352996        0.443735982323750161571048986444353160         0.00000000000000000000000000000000000         4.88109580556125177728153885088788326      
   64.0000000000000000000000000000000000         0.00000000000000000000000000000000000         4.25880274147905942072454087373082498        0.425880274147905942072454087373071857         0.00000000000000000000000000000000000         4.68468301562696536279699496110389707      
   65.0000000000000000000000000000000000         0.00000000000000000000000000000000000         4.08676455144464603865340785786985692        0.408676455144464603865340785786978393         0.00000000000000000000000000000000000         4.49544100658911064251874864365683560      
   66.0000000000000000000000000000000000         0.00000000000000000000000000000000000         3.92088980546712908675230783896144035        0.392088980546712908675230783896157844         0.00000000000000000000000000000000000         4.31297878601384199542753862285759810      
   67.0000000000000000000000000000000000         0.00000000000000000000000000000000000         3.76083423977974917540983938339044528        0.376083423977974917540983938339037469         0.00000000000000000000000000000000000         4.13691766375772409295082332172948260      
   68.0000000000000000000000000000000000         0.00000000000000000000000000000000000         3.60626461226187361686070938479503539        0.360626461226187361686070938479501016         0.00000000000000000000000000000000000         3.96689107348806097854678032327453650      
   69.0000000000000000000000000000000000         0.00000000000000000000000000000000000         3.45685854775008452673388834628102693        0.345685854775008452673388834628100440         0.00000000000000000000000000000000000         3.80254440252509297940727718090912747      
   70.0000000000000000000000000000000000         0.00000000000000000000000000000000000         3.31230439084764296014525599942870359        0.331230439084764296014525599942866719         0.00000000000000000000000000000000000         3.64353482993240725615978159937157022      
   71.0000000000000000000000000000000000         0.00000000000000000000000000000000000         3.17230106615401923931165514968905751        0.317230106615401923931165514968908370         0.00000000000000000000000000000000000         3.48953117276942116324282066465796569      
   72.0000000000000000000000000000000000         0.00000000000000000000000000000000000         3.03655794582447762022825186661644197        0.303655794582447762022825186661642502         0.00000000000000000000000000000000000         3.34021374040692538225107705327808447      
   73.0000000000000000000000000000000000         0.00000000000000000000000000000000000         2.90479472435782581438810982544722480        0.290479472435782581438810982544720227         0.00000000000000000000000000000000000         3.19527419679360839582692080799194493      
   74.0000000000000000000000000000000000         0.00000000000000000000000000000000000         2.77674130049853872468650241181225786        0.277674130049853872468650241181221048         0.00000000000000000000000000000000000         3.05441543054839259715515265299347890      
   75.0000000000000000000000000000000000         0.00000000000000000000000000000000000         2.65213766612767180441108724380219592        0.265213766612767180441108724380223954         0.00000000000000000000000000000000000         2.91735143274043898485219596818242002      
   76.0000000000000000000000000000000000         0.00000000000000000000000000000000000         2.53073380200540362421688886488956640        0.253073380200540362421688886488956823         0.00000000000000000000000000000000000         2.78380718220594398663857775137852327      
   77.0000000000000000000000000000000000         0.00000000000000000000000000000000000         2.41228958021678225448700526680734427        0.241228958021678225448700526680734051         0.00000000000000000000000000000000000         2.65351853823846047993570579348807846      
   78.0000000000000000000000000000000000         0.00000000000000000000000000000000000         2.29657467316137208967148829353657980        0.229657467316137208967148829353655211         0.00000000000000000000000000000000000         2.52623214047750929863863712289023508      
   79.0000000000000000000000000000000000         0.00000000000000000000000000000000000         2.18336846891706794708101853775885930        0.218336846891706794708101853775892676         0.00000000000000000000000000000000000         2.40170531580877474178912039153475186      
   80.0000000000000000000000000000000000         0.00000000000000000000000000000000000         2.07245999279840945679375490888550748        0.207245999279840945679375490888546039         0.00000000000000000000000000000000000         2.27970599207825040247313039977405337      
   81.0000000000000000000000000000000000         0.00000000000000000000000000000000000         1.96364783492032680645688359591380791        0.196364783492032680645688359591375370         0.00000000000000000000000000000000000         2.16001261841235948710257195550518314      
   82.0000000000000000000000000000000000         0.00000000000000000000000000000000000         1.85674008356940419714712134749998120        0.185674008356940419714712134749998100         0.00000000000000000000000000000000000         2.04241409192634461686183348224997949      
   83.0000000000000000000000000000000000         0.00000000000000000000000000000000000         1.75155426417647609054910219061452276        0.175155426417647609054910219061456705         0.00000000000000000000000000000000000         1.92670969059412369960401240967597946      
   84.0000000000000000000000000000000000         0.00000000000000000000000000000000000         1.64791728367668167540428507860529457        0.164791728367668167540428507860527700         0.00000000000000000000000000000000000         1.81270901204434984294471358646582220      
   85.0000000000000000000000000000000000         0.00000000000000000000000000000000000         1.54566538003599624268287460768316979        0.154566538003599624268287460768316834         0.00000000000000000000000000000000000         1.70023191803959586695116206845148658      
   86.0000000000000000000000000000000000         0.00000000000000000000000000000000000         1.44464407671672970707691882604198722        0.144464407671672970707691882604195554         0.00000000000000000000000000000000000         1.58910848438840267778461070864618282      
   87.0000000000000000000000000000000000         0.00000000000000000000000000000000000         1.34470814184852268077155238151288325        0.134470814184852268077155238151290655         0.00000000000000000000000000000000000         1.47917895603337494884870761966417391      
   88.0000000000000000000000000000000000         0.00000000000000000000000000000000000         1.24572155186596536452618534591556666        0.124572155186596536452618534591554901         0.00000000000000000000000000000000000         1.37029370705256190097880388050712157      
   89.0000000000000000000000000000000000         0.00000000000000000000000000000000000         1.14755745936909655846654718688848627        0.114755745936909655846654718688849701         0.00000000000000000000000000000000000         1.26231320530600621431320190557733590      
   90.0000000000000000000000000000000000         0.00000000000000000000000000000000000         1.05009816495868880625157314225003183        0.105009816495868880625157314225003862         0.00000000000000000000000000000000000         1.15510798145455768687673045647503576      
   91.0000000000000000000000000000000000         0.00000000000000000000000000000000000        0.953235092794368084359882906942592818         9.53235092794368084359882906942571801E-0002   0.00000000000000000000000000000000000         1.04855860207380489279587119763684996      
   92.0000000000000000000000000000000000         0.00000000000000000000000000000000000        0.856868769620227498944461119527391543         8.56868769620227498944461119527404038E-0002   0.00000000000000000000000000000000000        0.942555646582250248838907231480131911      
   93.0000000000000000000000000000000000         0.00000000000000000000000000000000000        0.760908806999647444501409274147359079         7.60908806999647444501409274147349402E-0002   0.00000000000000000000000000000000000        0.836999687699612188951550201562094044      
   94.0000000000000000000000000000000000         0.00000000000000000000000000000000000        0.665273886498501534447083434357568414         6.65273886498501534447083434357569618E-0002   0.00000000000000000000000000000000000        0.731801275148351687891791777793325400      
   95.0000000000000000000000000000000000         0.00000000000000000000000000000000000        0.569891747553779152378800556818930744         5.69891747553779152378800556818928854E-0002   0.00000000000000000000000000000000000        0.626880922309157067616680612500823635      
   96.0000000000000000000000000000000000         0.00000000000000000000000000000000000        0.474699177762861626754090060731410806         4.74699177762861626754090060731411624E-0002   0.00000000000000000000000000000000000        0.522169095539147789429499066804551920      
   97.0000000000000000000000000000000000         0.00000000000000000000000000000000000        0.379642005327219027828754575240014691         3.79642005327219027828754575240003677E-0002   0.00000000000000000000000000000000000        0.417606205859940930611630032764015053      
   98.0000000000000000000000000000000000         0.00000000000000000000000000000000000        0.284675093383117094651448740484472513         2.84675093383117094651448740484475413E-0002   0.00000000000000000000000000000000000        0.313142602721428804116593614532920072      
   99.0000000000000000000000000000000000         0.00000000000000000000000000000000000        0.189762335951007059411965108134859958         1.89762335951007059411965108134860554E-0002   0.00000000000000000000000000000000000        0.208738569546107765353161618948346005      
   100.000000000000000000000000000000000         0.00000000000000000000000000000000000         9.48766552345830523716708989671237203E-0002   9.48766552345830523716708989671236451E-0003   0.00000000000000000000000000000000000        0.104364320758041357608837988863836080      
   101.000000000000000000000000000000000         0.00000000000000000000000000000000000         0.00000000000000000000000000000000000         0.00000000000000000000000000000000000         0.00000000000000000000000000000000000         0.00000000000000000000000000000000000      
