   0.00000000000000000000000000000000000         0.00000000000000000000000000000000000         3.15576004213391492214668687665835023E-0003   134.303282214283754718039706812338541         0.00000000000000000000000000000000000         134.306437974325888632961853499215200      
   1.00000000000000000000000000000000000         0.00000000000000000000000000000000000         3.15576004213391492214668687665835023E-0003   125.459571829121430869826379128218515         0.00000000000000000000000000000000000         125.462727589163564784748525815095174      
   2.00000000000000000000000000000000000         0.00000000000000000000000000000000000         3.15576004213391492214668687665835023E-0003   117.211284078335011300966627883550698         0.00000000000000000000000000000000000         117.214439838377145215888774570427357      
   3.00000000000000000000000000000000000         0.00000000000000000000000000000000000         3.15576004213391492214668687665835023E-0003   109.529614221655496492410501876275023         0.00000000000000000000000000000000000         109.532769981697630407332648563151682      
   4.00000000000000000000000000000000000         0.00000000000000000000000000000000000         3.15576004213391492214668687665835023E-0003   102.386475475814411369418722937052626         0.00000000000000000000000000000000000         102.389631235856545284340869623929284      
   5.00000000000000000000000000000000000         0.00000000000000000000000000000000000         3.15576004213391492214668687665835023E-0003   95.7544229077121383137734033828879516         0.00000000000000000000000000000000000         95.7575786677542722286955500697646100      
   6.00000000000000000000000000000000000         0.00000000000000000000000000000000000         3.15576004213391492214668687665835023E-0003   89.6065838896657501803018572621848674         0.00000000000000000000000000000000000         89.6097396497078840952240039490615257      
   7.00000000000000000000000000000000000         0.00000000000000000000000000000000000         3.15576004213391492214668687665835023E-0003   83.9166147628427861790436506359121546         0.00000000000000000000000000000000000         83.9197705228849200939657973227888129      
   8.00000000000000000000000000000000000         0.00000000000000000000000000000000000         3.15576004213391492214668687665835023E-0003   78.6586940147022291467520426971541666         0.00000000000000000000000000000000000         78.6618497747443630616741893840308249      
   9.00000000000000000000000000000000000         0.00000000000000000000000000000000000         3.15576004213391492214668687665835023E-0003   73.8075535246930589399424759088953772         0.00000000000000000000000000000000000         73.8107092847351928548646225957720355      
   10.0000000000000000000000000000000000         0.00000000000000000000000000000000000         3.15576004213391492214668687665835023E-0003   69.3385423675669337510962652039837094         0.00000000000000000000000000000000000         69.3416981276090676660184118908603677      
   11.0000000000000000000000000000000000         0.00000000000000000000000000000000000         3.15576004213391492214668687665835023E-0003   65.2277128768651885814960612974817132         0.00000000000000000000000000000000000         65.2308686369073224964182079843583715      
   12.0000000000000000000000000000000000         0.00000000000000000000000000000000000         3.15576004213391492214668687665835023E-0003   61.4519163015197849735656015292378190         0.00000000000000000000000000000000000         61.4550720615619188884877482161144773      
   13.0000000000000000000000000000000000         0.00000000000000000000000000000000000         3.15576004213391492214668687665835023E-0003   57.9888952182884036973126292529910555         0.00000000000000000000000000000000000         57.9920509783305376122347759398677139      
   14.0000000000000000000000000000000000         0.00000000000000000000000000000000000         3.15576004213391492214668687665835023E-0003   54.8173614338926052144024804381670330         0.00000000000000000000000000000000000         54.8205171939347391293246271250436913      
   15.0000000000000000000000000000000000         0.00000000000000000000000000000000000         3.15576004213391492214668687665835023E-0003   51.9170508436744941216570313576393400         0.00000000000000000000000000000000000         51.9202066037166280365791780445159983      
   16.0000000000000000000000000000000000         0.00000000000000000000000000000000000         3.15576004213391492214668687665835023E-0003   49.2687500125970300089823568693554648         0.00000000000000000000000000000000000         49.2719057726391639239045035562321232      
   17.0000000000000000000000000000000000         0.00000000000000000000000000000000000         3.15576004213391492214668687665835023E-0003   46.8542925791396059394342105965163674         0.00000000000000000000000000000000000         46.8574483391817398543563572833930257      
   18.0000000000000000000000000000000000         0.00000000000000000000000000000000000         3.15576004213391492214668687665835023E-0003   44.6565265408757830553963012923131448         0.00000000000000000000000000000000000         44.6596823009179169703184479791898032      
   19.0000000000000000000000000000000000         0.00000000000000000000000000000000000         3.15576004213391492214668687665835023E-0003   42.6592557922089034121505497982301831         0.00000000000000000000000000000000000         42.6624115522510373270726964851068414      
   20.0000000000000000000000000000000000         0.00000000000000000000000000000000000         3.15576004213391492214668687665835023E-0003   40.8471608212384986905721283993828816         0.00000000000000000000000000000000000         40.8503165812806326054942750862595399      
   21.0000000000000000000000000000000000         0.00000000000000000000000000000000000         3.15576004213391492214668687665835023E-0003   39.2057042277024115349230518230764688         0.00000000000000000000000000000000000         39.2088599877445454498451985099531272      
   22.0000000000000000000000000000000000         0.00000000000000000000000000000000000         3.15576004213391492214668687665835023E-0003   37.7210267832169982840202767671381299         0.00000000000000000000000000000000000         37.7241825432591321989424234540147883      
   23.0000000000000000000000000000000000         0.00000000000000000000000000000000000         27.3633518878716428343547566848242894         9.01964313451410209430951828055046006         0.00000000000000000000000000000000000         36.3829950223857449286642749653747525      
   24.0000000000000000000000000000000000         0.00000000000000000000000000000000000         31.9749728702218808691769571780650552         3.19749728702218808691769571780649651         0.00000000000000000000000000000000000         35.1724701572440689560946528958715521      
   25.0000000000000000000000000000000000         0.00000000000000000000000000000000000         30.9100901577847905908612137096001165         3.09100901577847905908612137095999624         0.00000000000000000000000000000000000         34.0010991735632696499473350805601096      
   26.0000000000000000000000000000000000         0.00000000000000000000000000000000000         29.8797926386717580184632749640461463         2.98797926386717580184632749640462896         0.00000000000000000000000000000000000         32.8677719025389338203096024604507776      
   27.0000000000000000000000000000000000         0.00000000000000000000000000000000000         28.8830917036220324037114181205097859         2.88830917036220324037114181205096703         0.00000000000000000000000000000000000         31.7714008739842356440825599325607522      
   28.0000000000000000000000000000000000         0.00000000000000000000000000000000000         27.9190187298939652534011489861545519         2.79190187298939652534011489861536590         0.00000000000000000000000000000000000         30.7109206028833617787412638847699189      
   29.0000000000000000000000000000000000         0.00000000000000000000000000000000000         26.9866244798447111369999867071035560         2.69866244798447111369999867071047254         0.00000000000000000000000000000000000         29.6852869278291822506999853778140293      
   30.0000000000000000000000000000000000         0.00000000000000000000000000000000000         26.0849785452290556143301503234565386         2.60849785452290556143301503234564461         0.00000000000000000000000000000000000         28.6934763997519611757631653558021832      
   31.0000000000000000000000000000000000         0.00000000000000000000000000000000000         25.2131688353585649536971354138464056         2.52131688353585649536971354138464919         0.00000000000000000000000000000000000         27.7344857188944214490668489552310533      
   32.0000000000000000000000000000000000         0.00000000000000000000000000000000000         24.3703011069387893205251923409322861         2.43703011069387893205251923409326666         0.00000000000000000000000000000000000         26.8073312176326682525777115750255535      
   33.0000000000000000000000000000000000         0.00000000000000000000000000000000000         23.5554985331597622901104530816491850         2.35554985331597622901104530816484547         0.00000000000000000000000000000000000         25.9110483864757385191214983898140305      
   34.0000000000000000000000000000000000         0.00000000000000000000000000000000000         22.7679013094466945333050916185777062         2.27679013094466945333050916185779496         0.00000000000000000000000000000000000         25.0446914403913639866356007804355027      
   35.0000000000000000000000000000000000         0.00000000000000000000000000000000000         22.0066662931761758667393956481932757         2.20066662931761758667393956481933003         0.00000000000000000000000000000000000         24.2073329224937934534133352130126057      
   36.0000000000000000000000000000000000         0.00000000000000000000000000000000000         21.2709666746206926140737055029024204         2.12709666746206926140737055029018934         0.00000000000000000000000000000000000         23.3980633420827618754810760531926097      
   37.0000000000000000000000000000000000         0.00000000000000000000000000000000000         20.5599916763930674094162811979592865         2.05599916763930674094162811979600831         0.00000000000000000000000000000000000         22.6159908440323741503579093177552956      
   38.0000000000000000000000000000000000         0.00000000000000000000000000000000000         19.8729462787148696297589171258878147         1.98729462787148696297589171258873995         0.00000000000000000000000000000000000         21.8602409065863565927348088384765559      
   39.0000000000000000000000000000000000         0.00000000000000000000000000000000000         19.2090509679215172632226193000705835         1.92090509679215172632226193000708624         0.00000000000000000000000000000000000         21.1299560647136689895448812300776690      
   40.0000000000000000000000000000000000         0.00000000000000000000000000000000000         18.5675415057346674523109646280443167         1.85675415057346674523109646280439824         0.00000000000000000000000000000000000         20.4242956563081341975420610908487142      
   41.0000000000000000000000000000000000         0.00000000000000000000000000000000000         17.9476687169730225412279826050685886         1.79476687169730225412279826050689468         0.00000000000000000000000000000000000         19.7424355886703247953507808655754844      
   42.0000000000000000000000000000000000         0.00000000000000000000000000000000000         17.3486982935298566750230486148342722         1.73486982935298566750230486148343242         0.00000000000000000000000000000000000         19.0835681228828423425253534763177055      
   43.0000000000000000000000000000000000         0.00000000000000000000000000000000000         16.7699106126139815502825706034469113         1.67699106126139815502825706034465030         0.00000000000000000000000000000000000         18.4469016738753797053108276637915608      
   44.0000000000000000000000000000000000         0.00000000000000000000000000000000000         16.2106005674257207201160296664959501         1.62106005674257207201160296664962356         0.00000000000000000000000000000000000         17.8316606241682927921276326331455750      
   45.0000000000000000000000000000000000         0.00000000000000000000000000000000000         15.6700774086165727856297872328200150         1.56700774086165727856297872328198886         0.00000000000000000000000000000000000         17.2370851494782300641927659561020038      
   46.0000000000000000000000000000000000         0.00000000000000000000000000000000000         15.1476645950570490882056504361773840         1.51476645950570490882056504361769781         0.00000000000000000000000000000000000         16.6624310545627539970262154797950830      
   47.0000000000000000000000000000000000         0.00000000000000000000000000000000000         14.6426996526086945725271112811694488         1.46426996526086945725271112811697724         0.00000000000000000000000000000000000         16.1069696178695640297798224092864253      
   48.0000000000000000000000000000000000         0.00000000000000000000000000000000000         14.1545340397611218816599240069112633         1.41545340397611218816599240069114139         0.00000000000000000000000000000000000         15.5699874437372340698259164076024049      
   49.0000000000000000000000000000000000         0.00000000000000000000000000000000000         13.6825330191511066832209032758910884         1.36825330191511066832209032758915491         0.00000000000000000000000000000000000         15.0507863210662173515429936034802433      
   50.0000000000000000000000000000000000         0.00000000000000000000000000000000000         13.2260755341269778632090876781812996         1.32260755341269778632090876781809810         0.00000000000000000000000000000000000         14.5486830875396756495299964459993975      
   51.0000000000000000000000000000000000         0.00000000000000000000000000000000000         12.7845540896566857163613252902077075         1.27845540896566857163613252902075199         0.00000000000000000000000000000000000         14.0630094986223542879974578192284593      
   52.0000000000000000000000000000000000         0.00000000000000000000000000000000000         12.3573746370014163045618619191709609         1.23573746370014163045618619191709505         0.00000000000000000000000000000000000         13.5931121007015579350180481110880557      
   53.0000000000000000000000000000000000         0.00000000000000000000000000000000000         11.9439564616881384592578730811295484         1.19439564616881384592578730811299221         0.00000000000000000000000000000000000         13.1383521078569523051836603892425403      
   54.0000000000000000000000000000000000         0.00000000000000000000000000000000000         11.5437320744139968092695696838610467         1.15437320744139968092695696838610933         0.00000000000000000000000000000000000         12.6981052818553964901965266522471566      
   55.0000000000000000000000000000000000         0.00000000000000000000000000000000000         11.1561471046032063984698074080934513         1.11561471046032063984698074080930672         0.00000000000000000000000000000000000         12.2717618150635270383167881489027574      
   56.0000000000000000000000000000000000         0.00000000000000000000000000000000000         10.7806601964134564761515154541260747         1.07806601964134564761515154541262688         0.00000000000000000000000000000000000         11.8587262160548021237666669995387015      
   57.0000000000000000000000000000000000         0.00000000000000000000000000000000000         10.4167429070543352466700458451882907         1.04167429070543352466700458451883007         0.00000000000000000000000000000000000         11.4584171977597687713370504297071211      
   58.0000000000000000000000000000000000         0.00000000000000000000000000000000000         10.0638796073355975300342121329569905         1.00638796073355975300342121329570498         0.00000000000000000000000000000000000         11.0702675680691572830376333462526959      
   59.0000000000000000000000000000000000         0.00000000000000000000000000000000000         9.72156738440894616461403451448471063        0.972156738440894616461403451448476533         0.00000000000000000000000000000000000         10.6937241228498407810754379659331868      
   60.0000000000000000000000000000000000         0.00000000000000000000000000000000000         9.38931594670416884048259154920015883        0.938931594670416884048259154919993465         0.00000000000000000000000000000000000         10.3282475413745857245308507041201527      
   61.0000000000000000000000000000000000         0.00000000000000000000000000000000000         9.06664753108977412861318929210034579        0.906664753108977412861318929210033808         0.00000000000000000000000000000000000         9.97331228419875154147450822131037959      
   62.0000000000000000000000000000000000         0.00000000000000000000000000000000000         8.75309681231051825291986343981206011        0.875309681231051825291986343981201389         0.00000000000000000000000000000000000         9.62840649354157007821184978379326150      
   63.0000000000000000000000000000000000         0.00000000000000000000000000000000000         8.44821081477021022852200491771181648        0.844821081477021022852200491771177931         0.00000000000000000000000000000000000         9.29303189624723125137420540948299489      
   64.0000000000000000000000000000000000         0.00000000000000000000000000000000000         8.15154882673870425142780570872479343        0.815154882673870425142780570872486277         0.00000000000000000000000000000000000         8.96670370941257467657058627959727971      
   65.0000000000000000000000000000000000         0.00000000000000000000000000000000000         7.86268231706777510875442139985009638        0.786268231706777510875442139984991630         0.00000000000000000000000000000000000         8.64895054877455261962986353983508753      
   66.0000000000000000000000000000000000         0.00000000000000000000000000000000000         7.58119485450232084798886521219287914        0.758119485450232084798886521219300163         0.00000000000000000000000000000000000         8.33931433995255293278775173341217969      
   67.0000000000000000000000000000000000         0.00000000000000000000000000000000000         7.30668202967169288552351724485220103        0.730668202967169288552351724485198976         0.00000000000000000000000000000000000         8.03735023263886217407586896933739972      
   68.0000000000000000000000000000000000         0.00000000000000000000000000000000000         7.03875137984150945309915763140807730        0.703875137984150945309915763140835117         0.00000000000000000000000000000000000         7.74262651782566039840907339454891261      
   69.0000000000000000000000000000000000         0.00000000000000000000000000000000000         6.77702231649960077848106962633929707        0.677702231649960077848106962633923063         0.00000000000000000000000000000000000         7.45472454814956085632917658897322023      
   70.0000000000000000000000000000000000         0.00000000000000000000000000000000000         6.52112605584124514735645511753208725        0.652112605584124514735645511753203640         0.00000000000000000000000000000000000         7.17323866142536966209210062928529089      
   71.0000000000000000000000000000000000         0.00000000000000000000000000000000000         6.27070555220901093107180889963106990        0.627070555220901093107180889963103735         0.00000000000000000000000000000000000         6.89777610742991202417898978959417373      
   72.0000000000000000000000000000000000         0.00000000000000000000000000000000000         6.02541543453169513697976087224056893        0.602541543453169513697976087224066426         0.00000000000000000000000000000000000         6.62795697798486465067773695946463507      
   73.0000000000000000000000000000000000         0.00000000000000000000000000000000000         5.78492194579536849538285719475145067        0.578492194579536849538285719475138191         0.00000000000000000000000000000000000         6.36341414037490534492114291422658857      
   74.0000000000000000000000000000000000         0.00000000000000000000000000000000000         5.54890288556767831649769485221367149        0.554890288556767831649769485221364203         0.00000000000000000000000000000000000         6.10379317412444614814746433743503541      
   75.0000000000000000000000000000000000         0.00000000000000000000000000000000000         5.31704755558455801783370400894763595        0.531704755558455801783370400894763055         0.00000000000000000000000000000000000         5.84875231114301381961707440984239862      
   76.0000000000000000000000000000000000         0.00000000000000000000000000000000000         5.08905670839654171888139011740096957        0.508905670839654171888139011740107415         0.00000000000000000000000000000000000         5.59796237923619589076952912914107670      
   77.0000000000000000000000000000000000         0.00000000000000000000000000000000000         4.86464249906014357326149911360226387        0.486464249906014357326149911360224422         0.00000000000000000000000000000000000         5.35110674896615793058764902496248810      
   78.0000000000000000000000000000000000         0.00000000000000000000000000000000000         4.64352843984836291522272338676776286        0.464352843984836291522272338676770046         0.00000000000000000000000000000000000         5.10788128383319920674499572544453252      
   79.0000000000000000000000000000000000         0.00000000000000000000000000000000000         4.42544935794341834023949532797211258        0.442544935794341834023949532797219780         0.00000000000000000000000000000000000         4.86799429373776017426344486076933231      
   80.0000000000000000000000000000000000         0.00000000000000000000000000000000000         4.21015135606437273088682983742769882        0.421015135606437273088682983742760618         0.00000000000000000000000000000000000         4.63116649167081000397551282117045915      
   81.0000000000000000000000000000000000         0.00000000000000000000000000000000000         3.99739177597244224470274112363257071        0.399739177597244224470274112363254278         0.00000000000000000000000000000000000         4.39713095356968646917301523599582489      
   82.0000000000000000000000000000000000         0.00000000000000000000000000000000000         3.78693916478752280857445905812623723        0.378693916478752280857445905812621768         0.00000000000000000000000000000000000         4.16563308126627508943190496393885914      
   83.0000000000000000000000000000000000         0.00000000000000000000000000000000000         3.57857324404084008024016121186031434        0.357857324404084008024016121186035112         0.00000000000000000000000000000000000         3.93643056844492408826417733304634935      
   84.0000000000000000000000000000000000         0.00000000000000000000000000000000000         3.37208488138064299629581262847028570        0.337208488138064299629581262847029254         0.00000000000000000000000000000000000         3.70929336951870729592539389131731500      
   85.0000000000000000000000000000000000         0.00000000000000000000000000000000000         3.16727606484051651624897716709681304        0.316727606484051651624897716709682758         0.00000000000000000000000000000000000         3.48400367132456816787387488380649565      
   86.0000000000000000000000000000000000         0.00000000000000000000000000000000000         2.96395987957317728279576226007401769        0.296395987957317728279576226007405294         0.00000000000000000000000000000000000         3.26035586753049501107533848608142308      
   87.0000000000000000000000000000000000         0.00000000000000000000000000000000000         2.76196048694652133839989783164224061        0.276196048694652133839989783164227046         0.00000000000000000000000000000000000         3.03815653564117347223988761480646775      
   88.0000000000000000000000000000000000         0.00000000000000000000000000000000000         2.56111310589319530383794462427906114        0.256111310589319530383794462427902002         0.00000000000000000000000000000000000         2.81722441648251483422173908670696328      
   89.0000000000000000000000000000000000         0.00000000000000000000000000000000000         2.36126399640003713561297698744055083        0.236126399640003713561297698744061337         0.00000000000000000000000000000000000         2.59739039604004084917427468618461219      
   90.0000000000000000000000000000000000         0.00000000000000000000000000000000000         2.16227044501935240456474401882598441        0.216227044501935240456474401882604243         0.00000000000000000000000000000000000         2.37849748952128764502121842070858863      
   91.0000000000000000000000000000000000         0.00000000000000000000000000000000000         1.96400075228012753097016509265135921        0.196400075228012753097016509265134096         0.00000000000000000000000000000000000         2.16040082750814028406718160191649328      
   92.0000000000000000000000000000000000         0.00000000000000000000000000000000000         1.76633422187390166008717884550057393        0.176633422187390166008717884550061341         0.00000000000000000000000000000000000         1.94296764406129182609589673005063527      
   93.0000000000000000000000000000000000         0.00000000000000000000000000000000000         1.56916115148709199524835389434917635        0.156916115148709199524835389434911752         0.00000000000000000000000000000000000         1.72607726663580119477318928378408806      
   94.0000000000000000000000000000000000         0.00000000000000000000000000000000000         1.37238282514906097572273776083053587        0.137238282514906097572273776083054218         0.00000000000000000000000000000000000         1.50962110766396707329501153691359011      
   95.0000000000000000000000000000000000         0.00000000000000000000000000000000000         1.17591150696309495001671534461034900        0.117591150696309495001671534461034606         0.00000000000000000000000000000000000         1.29350265765940444501838687907138363      
   96.0000000000000000000000000000000000         0.00000000000000000000000000000000000        0.979670436085700108413180504177459771         9.79670436085700108413180504177484038E-0002   0.00000000000000000000000000000000000         1.07763747969427011925449855459520827      
   97.0000000000000000000000000000000000         0.00000000000000000000000000000000000        0.783593822818179586286012381200472012         7.83593822818179586286012381200471892E-0002   0.00000000000000000000000000000000000        0.861953205099997544914613619320519214      
   98.0000000000000000000000000000000000         0.00000000000000000000000000000000000        0.587626845673303121825785241211806228         5.87626845673303121825785241211807589E-0002   0.00000000000000000000000000000000000        0.646389530240633434008363765332986957      
   99.0000000000000000000000000000000000         0.00000000000000000000000000000000000        0.391725649278984879721416666714393336         3.91725649278984879721416666714388087E-0002   0.00000000000000000000000000000000000        0.430898214206883367693558333385832120      
   100.000000000000000000000000000000000         0.00000000000000000000000000000000000        0.195857342980213617920221010763407196         1.95857342980213617920221010763407467E-0002   0.00000000000000000000000000000000000        0.215443077278234979712243111839747952      
   101.000000000000000000000000000000000         0.00000000000000000000000000000000000         0.00000000000000000000000000000000000         0.00000000000000000000000000000000000         0.00000000000000000000000000000000000         0.00000000000000000000000000000000000      
