   0.00000000000000000000000000000000000         0.00000000000000000000000000000000000         3.15576004213391492214668687665835023E-0003   131.024350780869295618428847132213963         0.00000000000000000000000000000000000         131.027506540911429533350993819090621      
   1.00000000000000000000000000000000000         0.00000000000000000000000000000000000         3.15576004213391492214668687665835023E-0003   122.325780597314646923717671551656041         0.00000000000000000000000000000000000         122.328936357356780838639818238532699      
   2.00000000000000000000000000000000000         0.00000000000000000000000000000000000         3.15576004213391492214668687665835023E-0003   114.219498265308552214800689145091820         0.00000000000000000000000000000000000         114.222654025350686129722835831968478      
   3.00000000000000000000000000000000000         0.00000000000000000000000000000000000         3.15576004213391492214668687665835023E-0003   106.674034005732686999030640730425843         0.00000000000000000000000000000000000         106.677189765774820913952787417302501      
   4.00000000000000000000000000000000000         0.00000000000000000000000000000000000         3.15576004213391492214668687665835023E-0003   99.6591551536167923121756711298362074         0.00000000000000000000000000000000000         99.6623109136589262270978178167128657      
   5.00000000000000000000000000000000000         0.00000000000000000000000000000000000         3.15576004213391492214668687665835023E-0003   93.1458555590268339553757692356879382         0.00000000000000000000000000000000000         93.1490113190689678702979159225645966      
   6.00000000000000000000000000000000000         0.00000000000000000000000000000000000         3.15576004213391492214668687665835023E-0003   87.1063396598482539160856071146939934         0.00000000000000000000000000000000000         87.1094954198903878310077538015706517      
   7.00000000000000000000000000000000000         0.00000000000000000000000000000000000         3.15576004213391492214668687665835023E-0003   81.5140012731433079412405977630192829         0.00000000000000000000000000000000000         81.5171570331854418561627444498959412      
   8.00000000000000000000000000000000000         0.00000000000000000000000000000000000         3.15576004213391492214668687665835023E-0003   76.3433972207776728021798368616761955         0.00000000000000000000000000000000000         76.3465529808198067171019835485528538      
   9.00000000000000000000000000000000000         0.00000000000000000000000000000000000         3.15576004213391492214668687665835023E-0003   71.5702159801772069956543554337924458         0.00000000000000000000000000000000000         71.5733717402193409105765021206691042      
   10.0000000000000000000000000000000000         0.00000000000000000000000000000000000         3.15576004213391492214668687665835023E-0003   67.1712416256981065264113351851376528         0.00000000000000000000000000000000000         67.1743973857402404413334818720143112      
   11.0000000000000000000000000000000000         0.00000000000000000000000000000000000         3.15576004213391492214668687665835023E-0003   63.1243133948002297143228601784539540         0.00000000000000000000000000000000000         63.1274691548423636292450068653306123      
   12.0000000000000000000000000000000000         0.00000000000000000000000000000000000         3.15576004213391492214668687665835023E-0003   59.4082812719863802656908299702636080         0.00000000000000000000000000000000000         59.4114370320285141806129766571402664      
   13.0000000000000000000000000000000000         0.00000000000000000000000000000000000         3.15576004213391492214668687665835023E-0003   56.0029580295983303327029196477540645         0.00000000000000000000000000000000000         56.0061137896404642476250663346307229      
   14.0000000000000000000000000000000000         0.00000000000000000000000000000000000         3.15576004213391492214668687665835023E-0003   52.8890681965265359833822504766197382         0.00000000000000000000000000000000000         52.8922239565686698983043971634963966      
   15.0000000000000000000000000000000000         0.00000000000000000000000000000000000         3.15576004213391492214668687665835023E-0003   50.0481944432177936314343002527834685         0.00000000000000000000000000000000000         50.0513502032599275463564469396601268      
   16.0000000000000000000000000000000000         0.00000000000000000000000000000000000         3.15576004213391492214668687665835023E-0003   47.4627218744354527137206112564907976         0.00000000000000000000000000000000000         47.4658776344775866286427579433674560      
   17.0000000000000000000000000000000000         0.00000000000000000000000000000000000         3.15576004213391492214668687665835023E-0003   45.1157807110900070297980559873982011         0.00000000000000000000000000000000000         45.1189364711321409447202026742748595      
   18.0000000000000000000000000000000000         0.00000000000000000000000000000000000         3.15576004213391492214668687665835023E-0003   42.9911878206425929914782047018703824         0.00000000000000000000000000000000000         42.9943435806847269064003513887470407      
   19.0000000000000000000000000000000000         0.00000000000000000000000000000000000         3.15576004213391492214668687665835023E-0003   41.0733875239208011080979956566741786         0.00000000000000000000000000000000000         41.0765432839629350230201423435508370      
   20.0000000000000000000000000000000000         0.00000000000000000000000000000000000         3.15576004213391492214668687665835023E-0003   39.3473920666501755080819720664201767         0.00000000000000000000000000000000000         39.3505478266923094230041187532968351      
   21.0000000000000000000000000000000000         0.00000000000000000000000000000000000         3.15576004213391492214668687665835023E-0003   37.7987220985807810711615302254326090         0.00000000000000000000000000000000000         37.8018778586229149860836769123092674      
   22.0000000000000000000000000000000000         0.00000000000000000000000000000000000         3.20048770897840967589580055969502986         33.2160155047264540866961187894344554         0.00000000000000000000000000000000000         36.4165032137048637625919193491294849      
   23.0000000000000000000000000000000000         0.00000000000000000000000000000000000         31.9825311209501368943807165499106571         3.19825311209501368943807165499108227         0.00000000000000000000000000000000000         35.1807842330451505838187882049017398      
   24.0000000000000000000000000000000000         0.00000000000000000000000000000000000         30.8962451533676155345982130258458962         3.08962451533676155345982130258460549         0.00000000000000000000000000000000000         33.9858696687043770880580343284305010      
   25.0000000000000000000000000000000000         0.00000000000000000000000000000000000         29.8459771170778330908390144195835052         2.98459771170778330908390144195834166         0.00000000000000000000000000000000000         32.8305748287856163999229158615418495      
   26.0000000000000000000000000000000000         0.00000000000000000000000000000000000         28.8306723652349812042460077875142215         2.88306723652349812042460077875142446         0.00000000000000000000000000000000000         31.7137396017584793246706085662656451      
   27.0000000000000000000000000000000000         0.00000000000000000000000000000000000         27.8492981825881129980528490819223120         2.78492981825881129980528490819221957         0.00000000000000000000000000000000000         30.6342280008469242978581339901145327      
   28.0000000000000000000000000000000000         0.00000000000000000000000000000000000         26.9008433789875570386767121036372052         2.69008433789875570386767121036364687         0.00000000000000000000000000000000000         29.5909277168863127425443833140008536      
   29.0000000000000000000000000000000000         0.00000000000000000000000000000000000         25.9843178908062205743132518690757643         2.59843178908062205743132518690766734         0.00000000000000000000000000000000000         28.5827496798868426317445770559834332      
   30.0000000000000000000000000000000000         0.00000000000000000000000000000000000         25.0987523904624473917523583710354161         2.50987523904624473917523583710351873         0.00000000000000000000000000000000000         27.6086276295086921309275942081389337      
   31.0000000000000000000000000000000000         0.00000000000000000000000000000000000         24.2431979042037569876126809984026801         2.42431979042037569876126809984032478         0.00000000000000000000000000000000000         26.6675176946241326863739490982430045      
   32.0000000000000000000000000000000000         0.00000000000000000000000000000000000         23.4167254382850218530654915078997332         2.34167254382850218530654915078995568         0.00000000000000000000000000000000000         25.7583979821135240383720406586896893      
   33.0000000000000000000000000000000000         0.00000000000000000000000000000000000         22.6184256136504247045432733781949423         2.26184256136504247045432733781944046         0.00000000000000000000000000000000000         24.8802681750154671749976007160143820      
   34.0000000000000000000000000000000000         0.00000000000000000000000000000000000         21.8474083092058536510335921416589534         2.18474083092058536510335921416590998         0.00000000000000000000000000000000000         24.0321491401264390161369513558248626      
   35.0000000000000000000000000000000000         0.00000000000000000000000000000000000         21.1028023137472080303746420942981638         2.11028023137472080303746420942983641         0.00000000000000000000000000000000000         23.2130825451219288334121063037280002      
   36.0000000000000000000000000000000000         0.00000000000000000000000000000000000         20.3837549865903609044908813551643525         2.03837549865903609044908813551635675         0.00000000000000000000000000000000000         22.4221304852493969949399694906807089      
   37.0000000000000000000000000000000000         0.00000000000000000000000000000000000         19.6894319269302095355492192927892228         1.96894319269302095355492192927903144         0.00000000000000000000000000000000000         21.6583751196232304891041412220682554      
   38.0000000000000000000000000000000000         0.00000000000000000000000000000000000         19.0190166519392908500882517482642536         1.90190166519392908500882517482639265         0.00000000000000000000000000000000000         20.9209183171332199350970769230906472      
   39.0000000000000000000000000000000000         0.00000000000000000000000000000000000         18.3717102836007889610931592589768614         1.83717102836007889610931592589771134         0.00000000000000000000000000000000000         20.2088813119608678572024751848745732      
   40.0000000000000000000000000000000000         0.00000000000000000000000000000000000         17.7467312442563569863100492077524477         1.77467312442563569863100492077519489         0.00000000000000000000000000000000000         19.5214043686819926849410541285276432      
   41.0000000000000000000000000000000000         0.00000000000000000000000000000000000         17.1433149608359539886858624875925347         1.71433149608359539886858624875930589         0.00000000000000000000000000000000000         18.8576464569195493875544487363518396      
   42.0000000000000000000000000000000000         0.00000000000000000000000000000000000         16.5607135777247965810981833433001741         1.65607135777247965810981833433001186         0.00000000000000000000000000000000000         18.2167849354972762392080016776301860      
   43.0000000000000000000000000000000000         0.00000000000000000000000000000000000         15.9981956782114794218595901257185689         1.59981956782114794218595901257184283         0.00000000000000000000000000000000000         17.5980152460326273640455491382904103      
   44.0000000000000000000000000000000000         0.00000000000000000000000000000000000         15.4550460144512651091541522324443701         1.54550460144512651091541522324446078         0.00000000000000000000000000000000000         17.0005506158963916200695674556888300      
   45.0000000000000000000000000000000000         0.00000000000000000000000000000000000         14.9305652458694178677404217107444580         1.49305652458694178677404217107444276         0.00000000000000000000000000000000000         16.4236217704563596545144638818189006      
   46.0000000000000000000000000000000000         0.00000000000000000000000000000000000         14.4240696859211938086466649349345445         1.44240696859211938086466649349341077         0.00000000000000000000000000000000000         15.8664766545133131895113314284279557      
   47.0000000000000000000000000000000000         0.00000000000000000000000000000000000         13.9348910571176416705712714841554287         1.39348910571176416705712714841556749         0.00000000000000000000000000000000000         15.3283801628294058376283986325709964      
   48.0000000000000000000000000000000000         0.00000000000000000000000000000000000         13.4623762542196517798941979858379308         1.34623762542196517798941979858380233         0.00000000000000000000000000000000000         14.8086138796416169578836177844217332      
   49.0000000000000000000000000000000000         0.00000000000000000000000000000000000         13.0058871154966594949105503336835630         1.30058871154966594949105503336839609         0.00000000000000000000000000000000000         14.3064758270463254444016053670519597      
   50.0000000000000000000000000000000000         0.00000000000000000000000000000000000         12.5648002019410069312730230223710497         1.25648002019410069312730230223707781         0.00000000000000000000000000000000000         13.8212802221351076244003253246081269      
   51.0000000000000000000000000000000000         0.00000000000000000000000000000000000         12.1385065843241401105390683369556638         1.21385065843241401105390683369555910         0.00000000000000000000000000000000000         13.3523572427565541215929751706512223      
   52.0000000000000000000000000000000000         0.00000000000000000000000000000000000         11.7264116379765173084533059672795515         1.17264116379765173084533059672795404         0.00000000000000000000000000000000000         12.8990528017741690392986365640075058      
   53.0000000000000000000000000000000000         0.00000000000000000000000000000000000         11.3279348451692805567318528265120607         1.13279348451692805567318528265123076         0.00000000000000000000000000000000000         12.4607283296862086124050381091632913      
   54.0000000000000000000000000000000000         0.00000000000000000000000000000000000         10.9425096049723510697907366492205355         1.09425096049723510697907366492205775         0.00000000000000000000000000000000000         12.0367605654695861767698103141425939      
   55.0000000000000000000000000000000000         0.00000000000000000000000000000000000         10.5695830504606088017395044178661668         1.05695830504606088017395044178658710         0.00000000000000000000000000000000000         11.6265413555066696819134548596527539      
   56.0000000000000000000000000000000000         0.00000000000000000000000000000000000         10.2086158731371672410762453392587653         1.02086158731371672410762453392588604         0.00000000000000000000000000000000000         11.2294774604508839651838698731846515      
   57.0000000000000000000000000000000000         0.00000000000000000000000000000000000         9.85908215444042061906723542476834790        0.985908215444042061906723542476841088         0.00000000000000000000000000000000000         10.8449903698844626809739589672451895      
   58.0000000000000000000000000000000000         0.00000000000000000000000000000000000         9.52046920419948843180227536182432043        0.952046920419948843180227536182443695         0.00000000000000000000000000000000000         10.4725161246194372749825028980067640      
   59.0000000000000000000000000000000000         0.00000000000000000000000000000000000         9.19227740590088075853669317389068281        0.919227740590088075853669317389077159         0.00000000000000000000000000000000000         10.1115051464909688343903624912797599      
   60.0000000000000000000000000000000000         0.00000000000000000000000000000000000         8.87402006862762912288209611938409288        0.887402006862762912288209611938378916         0.00000000000000000000000000000000000         9.76142207549039203517030573132247151      
   61.0000000000000000000000000000000000         0.00000000000000000000000000000000000         8.56522328553074592189573209792134451        0.856522328553074592189573209792137841         0.00000000000000000000000000000000000         9.42174561408382051408530530771348312      
   62.0000000000000000000000000000000000         0.00000000000000000000000000000000000         8.26542579869166746430398326041626571        0.826542579869166746430398326041622989         0.00000000000000000000000000000000000         9.09196837856083421073438158645788889      
   63.0000000000000000000000000000000000         0.00000000000000000000000000000000000         7.97417887023328039695004262960387131        0.797417887023328039695004262960389615         0.00000000000000000000000000000000000         8.77159675725660843664504689256426121      
   64.0000000000000000000000000000000000         0.00000000000000000000000000000000000         7.69104615953620986768102455298100362        0.769104615953620986768102455298096279         0.00000000000000000000000000000000000         8.46015077548983085444912700827910028      
   65.0000000000000000000000000000000000         0.00000000000000000000000000000000000         7.41560360641624326963712151567253694        0.741560360641624326963712151567242619         0.00000000000000000000000000000000000         8.15716396705786759660083366723978023      
   66.0000000000000000000000000000000000         0.00000000000000000000000000000000000         7.14743932011806077887350809022640193        0.714743932011806077887350809022650921         0.00000000000000000000000000000000000         7.86218325212986685676085889924905276      
   67.0000000000000000000000000000000000         0.00000000000000000000000000000000000         6.88615347397982978299172554528083439        0.688615347397982978299172554528064391         0.00000000000000000000000000000000000         7.57476882137781276129089809980889888      
   68.0000000000000000000000000000000000         0.00000000000000000000000000000000000         6.63135820562268291902076794241614194        0.663135820562268291902076794241639270         0.00000000000000000000000000000000000         7.29449402618495121092284473665778140      
   69.0000000000000000000000000000000000         0.00000000000000000000000000000000000         6.38267752251862844239605354638215854        0.638267752251862844239605354638208651         0.00000000000000000000000000000000000         7.02094527477049128663565890102036738      
   70.0000000000000000000000000000000000         0.00000000000000000000000000000000000         6.13974721279002798499055827326332246        0.613974721279002798499055827326330320         0.00000000000000000000000000000000000         6.75372193406903078348961410058965317      
   71.0000000000000000000000000000000000         0.00000000000000000000000000000000000         5.90221476109341255375760751394314039        0.590221476109341255375760751394309821         0.00000000000000000000000000000000000         6.49243623720275380913336826533745050      
   72.0000000000000000000000000000000000         0.00000000000000000000000000000000000         5.66973926944008605355648593740189906        0.566973926944008605355648593740195280         0.00000000000000000000000000000000000         6.23671319638409465891213453114209444      
   73.0000000000000000000000000000000000         0.00000000000000000000000000000000000         5.44199138280568081194110788845062203        0.544199138280568081194110788845057215         0.00000000000000000000000000000000000         5.98619052108624889313521867729567954      
   74.0000000000000000000000000000000000         0.00000000000000000000000000000000000         5.21865321938057650078726239942447145        0.521865321938057650078726239942448628         0.00000000000000000000000000000000000         5.74051854131863415086598863936691998      
   75.0000000000000000000000000000000000         0.00000000000000000000000000000000000         4.99941830531286818852485725709261056        0.499941830531286818852485725709257907         0.00000000000000000000000000000000000         5.49936013584415500737734298280186823      
   76.0000000000000000000000000000000000         0.00000000000000000000000000000000000         4.78399151379536736333063385235339991        0.478399151379536736333063385235341503         0.00000000000000000000000000000000000         5.26239066517490409966369723758874175      
   77.0000000000000000000000000000000000         0.00000000000000000000000000000000000         4.57208900834793855106594559828443638        0.457208900834793855106594559828450744         0.00000000000000000000000000000000000         5.02929790918273240617254015811288741      
   78.0000000000000000000000000000000000         0.00000000000000000000000000000000000         4.36343819014631100803830619281093317        0.436343819014631100803830619281084574         0.00000000000000000000000000000000000         4.79978200916094210884213681209201794      
   79.0000000000000000000000000000000000         0.00000000000000000000000000000000000         4.15777764924835771160907538728918734        0.415777764924835771160907538728932620         0.00000000000000000000000000000000000         4.57355541417319348276998292601812024      
   80.0000000000000000000000000000000000         0.00000000000000000000000000000000000         3.95485711956870067067927601380441789        0.395485711956870067067927601380432921         0.00000000000000000000000000000000000         4.35034283152557073774720361518485106      
   81.0000000000000000000000000000000000         0.00000000000000000000000000000000000         3.75443743745238090277910083163194924        0.375443743745238090277910083163191140         0.00000000000000000000000000000000000         4.12988118119761899305701091479514004      
   82.0000000000000000000000000000000000         0.00000000000000000000000000000000000         3.55629050369822199560437202022962461        0.355629050369822199560437202022960814         0.00000000000000000000000000000000000         3.91191955406804419516480922225258556      
   83.0000000000000000000000000000000000         0.00000000000000000000000000000000000         3.36019924888241691713553232354870777        0.336019924888241691713553232354876555         0.00000000000000000000000000000000000         3.69621917377065860884908555590358451      
   84.0000000000000000000000000000000000         0.00000000000000000000000000000000000         3.16595760183277775914753601642858709        0.316595760183277775914753601642857736         0.00000000000000000000000000000000000         3.48255336201605553506228961807144488      
   85.0000000000000000000000000000000000         0.00000000000000000000000000000000000         2.97337046110400663120816223866996475        0.297337046110400663120816223867002956         0.00000000000000000000000000000000000         3.27070750721440729432897846253696785      
   86.0000000000000000000000000000000000         0.00000000000000000000000000000000000         2.78225366930427231370160987313547794        0.278225366930427231370160987313546706         0.00000000000000000000000000000000000         3.06047903623469954507177086044902451      
   87.0000000000000000000000000000000000         0.00000000000000000000000000000000000         2.59243399012331096335920229069611140        0.259243399012331096335920229069613316         0.00000000000000000000000000000000000         2.85167738913564205969512251976572481      
   88.0000000000000000000000000000000000         0.00000000000000000000000000000000000         2.40374908791220964475426818032917121        0.240374908791220964475426818032913399         0.00000000000000000000000000000000000         2.64412399670343060922969499836208444      
   89.0000000000000000000000000000000000         0.00000000000000000000000000000000000         2.21604750966497828866819816257902450        0.221604750966497828866819816257908637         0.00000000000000000000000000000000000         2.43765226063147611753501797883693312      
   90.0000000000000000000000000000000000         0.00000000000000000000000000000000000         2.02918866925196844327239074657403958        0.202918866925196844327239074657410077         0.00000000000000000000000000000000000         2.23210753617716528759962982123144958      
   91.0000000000000000000000000000000000         0.00000000000000000000000000000000000         1.84304283375515550384035992119035113        0.184304283375515550384035992119033432         0.00000000000000000000000000000000000         2.02734711713067105422439591330938458      
   92.0000000000000000000000000000000000         0.00000000000000000000000000000000000         1.65749111175526461699484641083063245        0.165749111175526461699484641083066981         0.00000000000000000000000000000000000         1.82324022293079107869433105191369943      
   93.0000000000000000000000000000000000         0.00000000000000000000000000000000000         1.47242544342068880427046419357204611        0.147242544342068880427046419357197774         0.00000000000000000000000000000000000         1.61966798776275768469751061292924388      
   94.0000000000000000000000000000000000         0.00000000000000000000000000000000000         1.28774859224812069230904345338968950        0.128774859224812069230904345338971319         0.00000000000000000000000000000000000         1.41652345147293276153994779872866092      
   95.0000000000000000000000000000000000         0.00000000000000000000000000000000000         1.10337413830479623235319749598596826        0.110337413830479623235319749598595991         0.00000000000000000000000000000000000         1.21371155213527585558851724558456433      
   96.0000000000000000000000000000000000         0.00000000000000000000000000000000000        0.919226472822229600227689833976968607         9.19226472822229600227689833976993452E-0002   0.00000000000000000000000000000000000         1.01114912010445256025045881737466790      
   97.0000000000000000000000000000000000         0.00000000000000000000000000000000000        0.735240793991302749765283410414052349         7.35240793991302749765283410414049460E-0002   0.00000000000000000000000000000000000        0.808764873390433024741811751455457344      
   98.0000000000000000000000000000000000         0.00000000000000000000000000000000000        0.551363103808560506462577240389990152         5.51363103808560506462577240389983917E-0002   0.00000000000000000000000000000000000        0.606499414189416557108834964428988580      
   99.0000000000000000000000000000000000         0.00000000000000000000000000000000000        0.367550205823552291150046361288083265         3.67550205823552291150046361288081941E-0002   0.00000000000000000000000000000000000        0.404305226405907520265050997416891447      
   100.000000000000000000000000000000000         0.00000000000000000000000000000000000        0.183769703637054210914177057223999521         1.83769703637054210914177057224001007E-0002   0.00000000000000000000000000000000000        0.202146674000759632005594762946399625      
   101.000000000000000000000000000000000         0.00000000000000000000000000000000000         0.00000000000000000000000000000000000         0.00000000000000000000000000000000000         0.00000000000000000000000000000000000         0.00000000000000000000000000000000000      
