   0.00000000000000000000000000000000000         0.00000000000000000000000000000000000         3.15576004213391492214668687665835023E-0003   62.4959639343957148307145529006091290         0.00000000000000000000000000000000000         62.4991196944378487456366995874857874      
   1.00000000000000000000000000000000000         0.00000000000000000000000000000000000         3.15576004213391492214668687665835023E-0003   56.5993832926184354182335185515095964         0.00000000000000000000000000000000000         56.6025390526605693331556652383862548      
   2.00000000000000000000000000000000000         0.00000000000000000000000000000000000         3.15576004213391492214668687665835023E-0003   51.2801377799072218663042822217648641         0.00000000000000000000000000000000000         51.2832935399493557812264289086415225      
   3.00000000000000000000000000000000000         0.00000000000000000000000000000000000         3.15576004213391492214668687665835023E-0003   46.4932263270478122054033850814825310         0.00000000000000000000000000000000000         46.4963820870899461203255317683591894      
   4.00000000000000000000000000000000000         0.00000000000000000000000000000000000         3.15576004213391492214668687665835023E-0003   42.1962881576260626375269916985143836         0.00000000000000000000000000000000000         42.1994439176681965524491383853910420      
   5.00000000000000000000000000000000000         0.00000000000000000000000000000000000         3.15576004213391492214668687665835023E-0003   38.3495561239716671035487039977497146         0.00000000000000000000000000000000000         38.3527118840138010184708506846263729      
   6.00000000000000000000000000000000000         0.00000000000000000000000000000000000         3.15576004213391492214668687665835023E-0003   34.9157875858476683225372524498271830         0.00000000000000000000000000000000000         34.9189433458898022374593991367038413      
   7.00000000000000000000000000000000000         0.00000000000000000000000000000000000         3.15576004213391492214668687665835023E-0003   31.8601739298333143515470554381970856         0.00000000000000000000000000000000000         31.8633296898754482664692021250737439      
   8.00000000000000000000000000000000000         0.00000000000000000000000000000000000         3.15576004213391492214668687665835023E-0003   29.1502302983220988658214606643391653         0.00000000000000000000000000000000000         29.1533860583642327807436073512158236      
   9.00000000000000000000000000000000000         0.00000000000000000000000000000000000         3.15576004213391492214668687665835023E-0003   26.7556675307846943217202715493556983         0.00000000000000000000000000000000000         26.7588232908268282366424182362323566      
   10.0000000000000000000000000000000000         0.00000000000000000000000000000000000         3.15576004213391492214668687665835023E-0003   24.6482486576534741930400136707020453         0.00000000000000000000000000000000000         24.6514044176956081079621603575787037      
   11.0000000000000000000000000000000000         0.00000000000000000000000000000000000         3.15576004213391492214668687665835023E-0003   22.8016324951350071761676307725776792         0.00000000000000000000000000000000000         22.8047882551771410910897774594543375      
   12.0000000000000000000000000000000000         0.00000000000000000000000000000000000         3.15576004213391492214668687665835023E-0003   21.1912069558561330085516170623962871         0.00000000000000000000000000000000000         21.1943627158982669234737637492729454      
   13.0000000000000000000000000000000000         0.00000000000000000000000000000000000         3.15576004213391492214668687665835023E-0003   19.7939146215283899805750668282869050         0.00000000000000000000000000000000000         19.7970703815705238954972135151635633      
   14.0000000000000000000000000000000000         0.00000000000000000000000000000000000         3.15576004213391492214668687665835023E-0003   18.5880729382204927846978096289331499         0.00000000000000000000000000000000000         18.5912286982626266996199563158098082      
   15.0000000000000000000000000000000000         0.00000000000000000000000000000000000         4.57830605627017516563148954451070585         12.9780408218414830096402123770979875         0.00000000000000000000000000000000000         17.5563468781116581752717019216086933      
   16.0000000000000000000000000000000000         0.00000000000000000000000000000000000         15.1572193198079663119833789529055295         1.51572193198079663119833789529052799         0.00000000000000000000000000000000000         16.6729412517887629431817168481960575      
   17.0000000000000000000000000000000000         0.00000000000000000000000000000000000         14.3909261742088481273637186530271384         1.43909261742088481273637186530271931         0.00000000000000000000000000000000000         15.8300187916297329401000905183298581      
   18.0000000000000000000000000000000000         0.00000000000000000000000000000000000         13.6599463936541412452694740445012373         1.36599463936541412452694740445010493         0.00000000000000000000000000000000000         15.0259410330195553697964214489513415      
   19.0000000000000000000000000000000000         0.00000000000000000000000000000000000         12.9628418421975133236710036344482092         1.29628418421975133236710036344481372         0.00000000000000000000000000000000000         14.2591260264172646560381039978930227      
   20.0000000000000000000000000000000000         0.00000000000000000000000000000000000         12.2982244016145748657895679752363148         1.22982244016145748657895679752361808         0.00000000000000000000000000000000000         13.5280468417760323523685247727599337      
   21.0000000000000000000000000000000000         0.00000000000000000000000000000000000         11.6647546257992967711964196927611805         1.16647546257992967711964196927614647         0.00000000000000000000000000000000000         12.8312300883792264483160616620373266      
   22.0000000000000000000000000000000000         0.00000000000000000000000000000000000         11.0611404105719636330482794677517543         1.10611404105719636330482794677517462         0.00000000000000000000000000000000000         12.1672544516291599963531074145269291      
   23.0000000000000000000000000000000000         0.00000000000000000000000000000000000         10.4861356801041813196688434380824695         1.04861356801041813196688434380825611         0.00000000000000000000000000000000000         11.5347492481145994516357277818907252      
   24.0000000000000000000000000000000000         0.00000000000000000000000000000000000         9.93853909099303579668718499737816251        0.993853909099303579668718499737814441         0.00000000000000000000000000000000000         10.9323930000923393763559034971159768      
   25.0000000000000000000000000000000000         0.00000000000000000000000000000000000         9.41719275486072685640103887436704275        0.941719275486072685640103887436696263         0.00000000000000000000000000000000000         10.3589120303467995420411427618037390      
   26.0000000000000000000000000000000000         0.00000000000000000000000000000000000         8.92098098021723896563093475641514612        0.892098098021723896563093475641507216         0.00000000000000000000000000000000000         9.81307907823896286219402823205665333      
   27.0000000000000000000000000000000000         0.00000000000000000000000000000000000         8.44882903420105577265468087831166466        0.844882903420105577265468087831165965         0.00000000000000000000000000000000000         9.29371193762116134992014896614283005      
   28.0000000000000000000000000000000000         0.00000000000000000000000000000000000         7.99970192470563471482992496538737901        0.799970192470563471482992496538740154         0.00000000000000000000000000000000000         8.79967211717619818631291746192611945      
   29.0000000000000000000000000000000000         0.00000000000000000000000000000000000         7.57260320330629247129604034911389193        0.757260320330629247129604034911379332         0.00000000000000000000000000000000000         8.32986352363692171842564438402527088      
   30.0000000000000000000000000000000000         0.00000000000000000000000000000000000         7.16657378932219920707524572826109420        0.716657378932219920707524572826108341         0.00000000000000000000000000000000000         7.88323116825441912778277030108720292      
   31.0000000000000000000000000000000000         0.00000000000000000000000000000000000         6.78069081528018560991129309571813918        0.678069081528018560991129309571808795         0.00000000000000000000000000000000000         7.45875989680820417090242240528994817      
   32.0000000000000000000000000000000000         0.00000000000000000000000000000000000         6.41406649398985983973362652343945871        0.641406649398985983973362652343958062         0.00000000000000000000000000000000000         7.05547314338884582370698917578341706      
   33.0000000000000000000000000000000000         0.00000000000000000000000000000000000         6.06584700739194390226452896750867848        0.606584700739194390226452896750865865         0.00000000000000000000000000000000000         6.67243170813113829249098186425954425      
   34.0000000000000000000000000000000000         0.00000000000000000000000000000000000         5.73521141730262552349946831999956542        0.573521141730262552349946831999952247         0.00000000000000000000000000000000000         6.30873255903288807584941515199951757      
   35.0000000000000000000000000000000000         0.00000000000000000000000000000000000         5.42137059814497564259398102437405122        0.542137059814497564259398102437410457         0.00000000000000000000000000000000000         5.96350765795947320685337912681146197      
   36.0000000000000000000000000000000000         0.00000000000000000000000000000000000         5.12356619173304771100252640540878969        0.512356619173304771100252640540878738         0.00000000000000000000000000000000000         5.63592281090635248210277904594966843      
   37.0000000000000000000000000000000000         0.00000000000000000000000000000000000         4.84106958415415904385408152403196967        0.484106958415415904385408152403195484         0.00000000000000000000000000000000000         5.32517654256957494823948967643516525      
   38.0000000000000000000000000000000000         0.00000000000000000000000000000000000         4.57318090477913152624695990669500354        0.457318090477913152624695990669497889         0.00000000000000000000000000000000000         5.03049899525704467887165589736450143      
   39.0000000000000000000000000000000000         0.00000000000000000000000000000000000         4.31922804741808845475394915674873252        0.431922804741808845475394915674874032         0.00000000000000000000000000000000000         4.75115085215989730022934407242360632      
   40.0000000000000000000000000000000000         0.00000000000000000000000000000000000         4.07856571362999332716659981646273945        0.407856571362999332716659981646267070         0.00000000000000000000000000000000000         4.48642228499299265988325979810900623      
   41.0000000000000000000000000000000000         0.00000000000000000000000000000000000         3.85057447818678130565547135213679055        0.385057447818678130565547135213689465         0.00000000000000000000000000000000000         4.23563192600545943622101848735047997      
   42.0000000000000000000000000000000000         0.00000000000000000000000000000000000         3.63465987668706027844745853745564252        0.363465987668706027844745853745562586         0.00000000000000000000000000000000000         3.99812586435576630629220439120120496      
   43.0000000000000000000000000000000000         0.00000000000000000000000000000000000         3.43025151530940896877872292357129827        0.343025151530940896877872292357127805         0.00000000000000000000000000000000000         3.77327666684034986565659521592842598      
   44.0000000000000000000000000000000000         0.00000000000000000000000000000000000         3.23680220269081246900099522091895098        0.323680220269081246900099522091899855         0.00000000000000000000000000000000000         3.56048242295989371590109474301085093      
   45.0000000000000000000000000000000000         0.00000000000000000000000000000000000         3.05378710391136054599399792309362034        0.305378710391136054599399792309362083         0.00000000000000000000000000000000000         3.35916581430249660059339771540298257      
   46.0000000000000000000000000000000000         0.00000000000000000000000000000000000         2.88070291656166805022020681192175213        0.288070291656166805022020681192170244         0.00000000000000000000000000000000000         3.16877320821783485524222749311392237      
   47.0000000000000000000000000000000000         0.00000000000000000000000000000000000         2.71706706886429935123354945502377231        0.271706706886429935123354945502382046         0.00000000000000000000000000000000000         2.98877377575072928635690440052615416      
   48.0000000000000000000000000000000000         0.00000000000000000000000000000000000         2.56241693981458700833736295870964200        0.256241693981458700833736295870965336         0.00000000000000000000000000000000000         2.81865863379604570917109925458060743      
   49.0000000000000000000000000000000000         0.00000000000000000000000000000000000         2.41630910129947814074529519176543919        0.241630910129947814074529519176545175         0.00000000000000000000000000000000000         2.65794001142942595481982471094198434      
   50.0000000000000000000000000000000000         0.00000000000000000000000000000000000         2.27831858214531623314387654542515826        0.227831858214531623314387654542516486         0.00000000000000000000000000000000000         2.50615044035984785645826419996767482      
   51.0000000000000000000000000000000000         0.00000000000000000000000000000000000         2.14803815403670882682848414148671233        0.214803815403670882682848414148669548         0.00000000000000000000000000000000000         2.36284196944037970951133255563538183      
   52.0000000000000000000000000000000000         0.00000000000000000000000000000000000         2.02507763923881623368398535409704161        0.202507763923881623368398535409699519         0.00000000000000000000000000000000000         2.22758540316269785705238388950674122      
   53.0000000000000000000000000000000000         0.00000000000000000000000000000000000         1.90906324004452761611803045140589539        0.190906324004452761611803045140593285         0.00000000000000000000000000000000000         2.09996956404898037772983349654648882      
   54.0000000000000000000000000000000000         0.00000000000000000000000000000000000         1.79963688985609922592311564414257419        0.179963688985609922592311564414257328         0.00000000000000000000000000000000000         1.97960057884170914851542720855683159      
   55.0000000000000000000000000000000000         0.00000000000000000000000000000000000         1.69645562579796765494470277608153919        0.169645562579796765494470277608151363         0.00000000000000000000000000000000000         1.86610118837776442043917305368969053      
   56.0000000000000000000000000000000000         0.00000000000000000000000000000000000         1.59919098274368841996119274411784948        0.159919098274368841996119274411788800         0.00000000000000000000000000000000000         1.75911008101805726195731201852963838      
   57.0000000000000000000000000000000000         0.00000000000000000000000000000000000         1.50752840862537046324607392794015672        0.150752840862537046324607392794014204         0.00000000000000000000000000000000000         1.65828124948790750957068132073417095      
   58.0000000000000000000000000000000000         0.00000000000000000000000000000000000         1.42116670087867367180189052769048415        0.142116670087867367180189052769049566         0.00000000000000000000000000000000000         1.56328337096654103898207958045953374      
   59.0000000000000000000000000000000000         0.00000000000000000000000000000000000         1.33981746386050975021528109254429414        0.133981746386050975021528109254430237         0.00000000000000000000000000000000000         1.47379921024656072523680920179872440      
   60.0000000000000000000000000000000000         0.00000000000000000000000000000000000         1.26320458706014139492594839673010884        0.126320458706014139492594839673009199         0.00000000000000000000000000000000000         1.38952504576615553441854323640311799      
   61.0000000000000000000000000000000000         0.00000000000000000000000000000000000         1.19106374390751720689400610819063229        0.119106374390751720689400610819064406         0.00000000000000000000000000000000000         1.31017011829826892758340671900969673      
   62.0000000000000000000000000000000000         0.00000000000000000000000000000000000         1.12314191096551640829502401001586964        0.112314191096551640829502401001587411         0.00000000000000000000000000000000000         1.23545610206206804912452641101745702      
   63.0000000000000000000000000000000000         0.00000000000000000000000000000000000         1.05919690727541249143721529696969921        0.105919690727541249143721529696969882         0.00000000000000000000000000000000000         1.16511659800295374058093682666666918      
   64.0000000000000000000000000000000000         0.00000000000000000000000000000000000        0.998996953607399313417133748372493749         9.98996953607399313417133748372478221E-0002   0.00000000000000000000000000000000000         1.09889664896813924475884712320974158      
   65.0000000000000000000000000000000000         0.00000000000000000000000000000000000        0.942320251350553179839258042509642373         9.42320251350553179839258042509624366E-0002   0.00000000000000000000000000000000000         1.03655227648560849782318384676060486      
   66.0000000000000000000000000000000000         0.00000000000000000000000000000000000        0.888954580759220978938474897462664278         8.88954580759220978938474897462685945E-0002   0.00000000000000000000000000000000000        0.977850038835143076832322387208932872      
   67.0000000000000000000000000000000000         0.00000000000000000000000000000000000        0.838696918255612113587914830480134172         8.38696918255612113587914830480126517E-0002   0.00000000000000000000000000000000000        0.922566610081173324946706313528146848      
   68.0000000000000000000000000000000000         0.00000000000000000000000000000000000        0.791353072471408863066834839720257075         7.91353072471408863066834839720266994E-0002   0.00000000000000000000000000000000000        0.870488379718549749373518323692283775      
   69.0000000000000000000000000000000000         0.00000000000000000000000000000000000        0.746737338694566958369549037040726248         7.46737338694566958369549037040714115E-0002   0.00000000000000000000000000000000000        0.821411072564023654206503940744797611      
   70.0000000000000000000000000000000000         0.00000000000000000000000000000000000        0.704672171371219522738343838782048625         7.04672171371219522738343838782039188E-0002   0.00000000000000000000000000000000000        0.775139388508341475012178222660252495      
   71.0000000000000000000000000000000000         0.00000000000000000000000000000000000        0.664987874296779909293445253037616315         6.64987874296779909293445253037622575E-0002   0.00000000000000000000000000000000000        0.731486661726457900222789778341378621      
   72.0000000000000000000000000000000000         0.00000000000000000000000000000000000        0.627522308115012080226324372517455793         6.27522308115012080226324372517449726E-0002   0.00000000000000000000000000000000000        0.690274538926513288248956809769200718      
   73.0000000000000000000000000000000000         0.00000000000000000000000000000000000        0.592120614729043824921333551534865542         5.92120614729043824921333551534863592E-0002   0.00000000000000000000000000000000000        0.651332676201948207413466906688351865      
   74.0000000000000000000000000000000000         0.00000000000000000000000000000000000        0.558634958214074437466654439019826103         5.58634958214074437466654439019823105E-0002   0.00000000000000000000000000000000000        0.614498454035481881213319882921808443      
   75.0000000000000000000000000000000000         0.00000000000000000000000000000000000        0.526924281807904207704993809139592293         5.26924281807904207704993809139594532E-0002   0.00000000000000000000000000000000000        0.579616709988694628475493190053551782      
   76.0000000000000000000000000000000000         0.00000000000000000000000000000000000        0.496854080542411903859400323962447871         4.96854080542411903859400323962447823E-0002   0.00000000000000000000000000000000000        0.546539488596653094245340356358692653      
   77.0000000000000000000000000000000000         0.00000000000000000000000000000000000        0.468296189066746314182159433140950516         4.68296189066746314182159433140948807E-0002   0.00000000000000000000000000000000000        0.515125807973420945600375376455045385      
   78.0000000000000000000000000000000000         0.00000000000000000000000000000000000        0.441128584201291514759780565230088225         4.41128584201291514759780565230088755E-0002   0.00000000000000000000000000000000000        0.485241442621420666235758621753097101      
   79.0000000000000000000000000000000000         0.00000000000000000000000000000000000        0.415235201750420536508914924320835905         4.15235201750420536508914924320829333E-0002   0.00000000000000000000000000000000000        0.456758721925462590159806416752918851      
   80.0000000000000000000000000000000000         0.00000000000000000000000000000000000        0.390505767091671646002088911114577067         3.90505767091671646002088911114578138E-0002   0.00000000000000000000000000000000000        0.429556343800838810602297802226034875      
   81.0000000000000000000000000000000000         0.00000000000000000000000000000000000        0.366835639049264471827500059598274833         3.66835639049264471827500059598282308E-0002   0.00000000000000000000000000000000000        0.403519202954190919010250065558103082      
   82.0000000000000000000000000000000000         0.00000000000000000000000000000000000        0.344125666550814816963502636484360548         3.44125666550814816963502636484355817E-0002   0.00000000000000000000000000000000000        0.378538233205896298659852900132796135      
   83.0000000000000000000000000000000000         0.00000000000000000000000000000000000        0.322282057557698842797364594127359152         3.22282057557698842797364594127362667E-0002   0.00000000000000000000000000000000000        0.354510263313468727077101053540095443      
   84.0000000000000000000000000000000000         0.00000000000000000000000000000000000        0.301216259751747899851584057061854636         3.01216259751747899851584057061855070E-0002   0.00000000000000000000000000000000000        0.331337885726922689836742462768040119      
   85.0000000000000000000000000000000000         0.00000000000000000000000000000000000        0.280844852453810300994869306980392977         2.80844852453810300994869306980393417E-0002   0.00000000000000000000000000000000000        0.308929337699191331094356237678432328      
   86.0000000000000000000000000000000000         0.00000000000000000000000000000000000        0.261089449243178946626952544513125248         2.61089449243178946626952544513123443E-0002   0.00000000000000000000000000000000000        0.287198394167496841289647798964437581      
   87.0000000000000000000000000000000000         0.00000000000000000000000000000000000        0.241876610740934829354924206500820729         2.41876610740934829354924206500819736E-0002   0.00000000000000000000000000000000000        0.266064271815028312290416627150902705      
   88.0000000000000000000000000000000000         0.00000000000000000000000000000000000        0.223137767014874982993150047254395017         2.23137767014874982993150047254394054E-0002   0.00000000000000000000000000000000000        0.245451543716362481292465051979834422      
   89.0000000000000000000000000000000000         0.00000000000000000000000000000000000        0.204809149058856549503624708401746623         2.04809149058856549503624708401748675E-0002   0.00000000000000000000000000000000000        0.225290063964742204453987179241921487      
   90.0000000000000000000000000000000000         0.00000000000000000000000000000000000        0.186831728795071920873622506014288831         1.86831728795071920873622506014287753E-0002   0.00000000000000000000000000000000000        0.205514901674579112960984756615717615      
   91.0000000000000000000000000000000000         0.00000000000000000000000000000000000        0.169151167043947619728604869272337359         1.69151167043947619728604869272339050E-0002   0.00000000000000000000000000000000000        0.186066283748342381701465356199571273      
   92.0000000000000000000000000000000000         0.00000000000000000000000000000000000        0.151717768903004784051785987851311347         1.51717768903004784051785987851311584E-0002   0.00000000000000000000000000000000000        0.166889545793305262456964586636442513      
   93.0000000000000000000000000000000000         0.00000000000000000000000000000000000        0.134486445973103871609759973922481483         1.34486445973103871609759973922480102E-0002   0.00000000000000000000000000000000000        0.147935090570414258770735971314729504      
   94.0000000000000000000000000000000000         0.00000000000000000000000000000000000        0.117416684867991679320865573856752173         1.17416684867991679320865573856752116E-0002   0.00000000000000000000000000000000000        0.129158353354790847252952131242427377      
   95.0000000000000000000000000000000000         0.00000000000000000000000000000000000        0.100472521440945419301695232153829934         1.00472521440945419301695232153828859E-0002   0.00000000000000000000000000000000000        0.110519773585039961231864755369212821      
   96.0000000000000000000000000000000000         0.00000000000000000000000000000000000         8.36225201605362172505740281033761749E-0002   8.36225201605362172505740281033768911E-0003   0.00000000000000000000000000000000000         9.19847721765898389756314309137138610E-0002
   97.0000000000000000000000000000000000         0.00000000000000000000000000000000000         6.68397580660822878869831461372766893E-0002   6.68397580660822878869831461372772430E-0003   0.00000000000000000000000000000000000         7.35237338726905166756814607510044136E-0002
   98.0000000000000000000000000000000000         0.00000000000000000000000000000000000         5.01018127321990538319106178477382387E-0002   5.01018127321990538319106178477385592E-0003   0.00000000000000000000000000000000000         5.51119940054189592151016796325120939E-0002
   99.0000000000000000000000000000000000         0.00000000000000000000000000000000000         3.33907536709481178347561113814532205E-0002   3.33907536709481178347561113814532867E-0003   0.00000000000000000000000000000000000         3.67298290380429296182317225195985522E-0002
   100.000000000000000000000000000000000         0.00000000000000000000000000000000000         1.66931365994075068268554869714816273E-0002   1.66931365994075068268554869714815050E-0003   0.00000000000000000000000000000000000         1.83624502593482575095410356686297765E-0002
   101.000000000000000000000000000000000         0.00000000000000000000000000000000000         0.00000000000000000000000000000000000         0.00000000000000000000000000000000000         0.00000000000000000000000000000000000         0.00000000000000000000000000000000000      
