   0.00000000000000000000000000000000000         0.00000000000000000000000000000000000         3.15576004213391492214668687665835023E-0003   41.9916094573031902811746619185017461         0.00000000000000000000000000000000000         41.9947652173453241960968086053784045      
   1.00000000000000000000000000000000000         0.00000000000000000000000000000000000         3.15576004213391492214668687665835023E-0003   37.2023894658823160804459701103182495         0.00000000000000000000000000000000000         37.2055452259244499953681167971949078      
   2.00000000000000000000000000000000000         0.00000000000000000000000000000000000         3.15576004213391492214668687665835023E-0003   32.9809846222738601146616511220946574         0.00000000000000000000000000000000000         32.9841403823159940295837978089713157      
   3.00000000000000000000000000000000000         0.00000000000000000000000000000000000         3.15576004213391492214668687665835023E-0003   29.2741317274663072921159740677519064         0.00000000000000000000000000000000000         29.2772874875084412070381207546285647      
   4.00000000000000000000000000000000000         0.00000000000000000000000000000000000         3.15576004213391492214668687665835023E-0003   26.0324238448141176892105497641535019         0.00000000000000000000000000000000000         26.0355796048562516041326964510301603      
   5.00000000000000000000000000000000000         0.00000000000000000000000000000000000         3.15576004213391492214668687665835023E-0003   23.2101877263474463339105544270093911         0.00000000000000000000000000000000000         23.2133434863895802488327011138860495      
   6.00000000000000000000000000000000000         0.00000000000000000000000000000000000         3.15576004213391492214668687665835023E-0003   20.7653122562975881922810620120476871         0.00000000000000000000000000000000000         20.7684680163397221072032086989243454      
   7.00000000000000000000000000000000000         0.00000000000000000000000000000000000         3.15576004213391492214668687665835023E-0003   18.6590358925304131756073100848686000         0.00000000000000000000000000000000000         18.6621916525725470905294567717452583      
   8.00000000000000000000000000000000000         0.00000000000000000000000000000000000         3.15576004213391492214668687665835023E-0003   16.8557007519733278956276641579254732         0.00000000000000000000000000000000000         16.8588565120154618105498108448021316      
   9.00000000000000000000000000000000000         0.00000000000000000000000000000000000         3.15576004213391492214668687665835023E-0003   15.3224805035163976169726869014153066         0.00000000000000000000000000000000000         15.3256362635585315318948335882919649      
   10.0000000000000000000000000000000000         0.00000000000000000000000000000000000         3.15576004213391492214668687665835023E-0003   14.0290886088664614171434249884778322         0.00000000000000000000000000000000000         14.0322443689085953320655716753544906      
   11.0000000000000000000000000000000000         0.00000000000000000000000000000000000         3.15576004213391492214668687665835023E-0003   12.9474727096970945766864646676628233         0.00000000000000000000000000000000000         12.9506284697392284916086113545394817      
   12.0000000000000000000000000000000000         0.00000000000000000000000000000000000         1.38589321899337561710657107162226258         10.6687626697032951977145121917305582         0.00000000000000000000000000000000000         12.0546558886966708148210832633528210      
   13.0000000000000000000000000000000000         0.00000000000000000000000000000000000         10.2907221155227780435188669647797409         1.02907221155227780435188669647796010         0.00000000000000000000000000000000000         11.3197943270750558478707536612577008      
   14.0000000000000000000000000000000000         0.00000000000000000000000000000000000         9.65988583504711853189103234082578309        0.965988583504711853189103234082588709         0.00000000000000000000000000000000000         10.6258744185518303850801355749083722      
   15.0000000000000000000000000000000000         0.00000000000000000000000000000000000         9.06442678760175943064649436207950511        0.906442678760175943064649436207945908         0.00000000000000000000000000000000000         9.97086946636193537371114379828745131      
   16.0000000000000000000000000000000000         0.00000000000000000000000000000000000         8.50257940232605992851191853805999404        0.850257940232605992851191853805992721         0.00000000000000000000000000000000000         9.35283734255866592136311039186598744      
   17.0000000000000000000000000000000000         0.00000000000000000000000000000000000         7.97265261876779490449378268354184595        0.797265261876779490449378268354195630         0.00000000000000000000000000000000000         8.76991788064457439494316095189604109      
   18.0000000000000000000000000000000000         0.00000000000000000000000000000000000         7.47302754086988841971423157788852225        0.747302754086988841971423157788843674         0.00000000000000000000000000000000000         8.22033029495687726168565473567736631      
   19.0000000000000000000000000000000000         0.00000000000000000000000000000000000         7.00215511888193714449323420746460212        0.700215511888193714449323420746465585         0.00000000000000000000000000000000000         7.70237063077013085894255762821106780      
   20.0000000000000000000000000000000000         0.00000000000000000000000000000000000         6.55855386235868783861843399099026427        0.655855386235868783861843399099020361         0.00000000000000000000000000000000000         7.21440924859455662248027739008928492      
   21.0000000000000000000000000000000000         0.00000000000000000000000000000000000         6.14080758700366849605243946850313869        0.614080758700366849605243946850321535         0.00000000000000000000000000000000000         6.75488834570403534565768341535346004      
   22.0000000000000000000000000000000000         0.00000000000000000000000000000000000         5.74756319774722632313365838119240055        0.574756319774722632313365838119236318         0.00000000000000000000000000000000000         6.32231951752194895544702421931163706      
   23.0000000000000000000000000000000000         0.00000000000000000000000000000000000         5.37752851011268245856210763474330414        0.537752851011268245856210763474337926         0.00000000000000000000000000000000000         5.91528136112395070441831839821764226      
   24.0000000000000000000000000000000000         0.00000000000000000000000000000000000         5.02947011162036617036368847564791794        0.502947011162036617036368847564792372         0.00000000000000000000000000000000000         5.53241712278240278740005732321271012      
   25.0000000000000000000000000000000000         0.00000000000000000000000000000000000         4.70221126470499343876115968782163986        0.470221126470499343876115968782167116         0.00000000000000000000000000000000000         5.17243239117549278263727565660380732      
   26.0000000000000000000000000000000000         0.00000000000000000000000000000000000         4.39462985237516870930995237773522256        0.439462985237516870930995237773512328         0.00000000000000000000000000000000000         4.83409283761268558024094761550873465      
   27.0000000000000000000000000000000000         0.00000000000000000000000000000000000         4.10565636762262993540048864033284386        0.410565636762262993540048864033294073         0.00000000000000000000000000000000000         4.51622200438489292894053750436613764      
   28.0000000000000000000000000000000000         0.00000000000000000000000000000000000         3.83427194739113443939820581478498007        0.383427194739113443939820581478494781         0.00000000000000000000000000000000000         4.21769914213024788333802639626347461      
   29.0000000000000000000000000000000000         0.00000000000000000000000000000000000         3.57950645173853245150343118814207689        0.357950645173853245150343118814206678         0.00000000000000000000000000000000000         3.93745709691238569665377430695628342      
   30.0000000000000000000000000000000000         0.00000000000000000000000000000000000         3.34043658866858871590574200524470361        0.334043658866858871590574200524469803         0.00000000000000000000000000000000000         3.67448024753544758749631620576917332      
   31.0000000000000000000000000000000000         0.00000000000000000000000000000000000         3.11618408496956311391418477760584347        0.311618408496956311391418477760584125         0.00000000000000000000000000000000000         3.42780249346651942530560325536642774      
   32.0000000000000000000000000000000000         0.00000000000000000000000000000000000         2.90591390327262141244781393742105707        0.290591390327262141244781393742109433         0.00000000000000000000000000000000000         3.19650529359988355369259533116316655      
   33.0000000000000000000000000000000000         0.00000000000000000000000000000000000         2.70883250543310385793459472491905554        0.270883250543310385793459472491905323         0.00000000000000000000000000000000000         2.97971575597641424372805419741096086      
   34.0000000000000000000000000000000000         0.00000000000000000000000000000000000         2.52418616223994378272672928607342314        0.252418616223994378272672928607342285         0.00000000000000000000000000000000000         2.77660477846393816099940221468076557      
   35.0000000000000000000000000000000000         0.00000000000000000000000000000000000         2.35125930937164292056358140212620769        0.235125930937164292056358140212622237         0.00000000000000000000000000000000000         2.58638524030880721261993954233882981      
   36.0000000000000000000000000000000000         0.00000000000000000000000000000000000         2.18937294943985071163633439704696169        0.218937294943985071163633439704694445         0.00000000000000000000000000000000000         2.40831024438383578279996783675165608      
   37.0000000000000000000000000000000000         0.00000000000000000000000000000000000         2.03788309989257104740122858310749193        0.203788309989257104740122858310748258         0.00000000000000000000000000000000000         2.24167140988182815214135144141824004      
   38.0000000000000000000000000000000000         0.00000000000000000000000000000000000         1.89617928648727200864959135633299782        0.189617928648727200864959135633298111         0.00000000000000000000000000000000000         2.08579721513599920951455049196629610      
   39.0000000000000000000000000000000000         0.00000000000000000000000000000000000         1.76368308198876848068578021877131896        0.176368308198876848068578021877135189         0.00000000000000000000000000000000000         1.94005139018764532875435824064845415      
   40.0000000000000000000000000000000000         0.00000000000000000000000000000000000         1.63984668969686974850131256413704904        0.163984668969686974850131256413702001         0.00000000000000000000000000000000000         1.80383135866655672335144382055075102      
   41.0000000000000000000000000000000000         0.00000000000000000000000000000000000         1.52415157136373143278306950409699934        0.152415157136373143278306950409702649         0.00000000000000000000000000000000000         1.67656672850010457606137645450670199      
   42.0000000000000000000000000000000000         0.00000000000000000000000000000000000         1.41610711902002324910074263005277303        0.141610711902002324910074263005275887         0.00000000000000000000000000000000000         1.55771783092202557401081689305804896      
   43.0000000000000000000000000000000000         0.00000000000000000000000000000000000         1.31524937019191414249279441364449470        0.131524937019191414249279441364449980         0.00000000000000000000000000000000000         1.44677430721110555674207385500894473      
   44.0000000000000000000000000000000000         0.00000000000000000000000000000000000         1.22113976595706099434078710150536146        0.122113976595706099434078710150537112         0.00000000000000000000000000000000000         1.34325374255276709377486581165589861      
   45.0000000000000000000000000000000000         0.00000000000000000000000000000000000         1.13336395125691671990247670964157398        0.113336395125691671990247670964157388         0.00000000000000000000000000000000000         1.24670034638260839189272438060573132      
   46.0000000000000000000000000000000000         0.00000000000000000000000000000000000         1.05153061685446275495676865503809037        0.105153061685446275495676865503807650         0.00000000000000000000000000000000000         1.15668367853990903045244552054189802      
   47.0000000000000000000000000000000000         0.00000000000000000000000000000000000        0.975270382300689184390127815472047788         9.75270382300689184390127815472041264E-0002   0.00000000000000000000000000000000000         1.07279742053075810282914059701925190      
   48.0000000000000000000000000000000000         0.00000000000000000000000000000000000        0.904234719249608791341560711145590783         9.04234719249608791341560711145603037E-0002   0.00000000000000000000000000000000000        0.994658191174569670475716782260151075      
   49.0000000000000000000000000000000000         0.00000000000000000000000000000000000        0.838094914440152831881511761992396715         8.38094914440152831881511761992402179E-0002   0.00000000000000000000000000000000000        0.921904405884168115069662938191636897      
   50.0000000000000000000000000000000000         0.00000000000000000000000000000000000        0.776541071643840660787808486483579773         7.76541071643840660787808486483573153E-0002   0.00000000000000000000000000000000000        0.854195178808224726866589335131937077      
   51.0000000000000000000000000000000000         0.00000000000000000000000000000000000        0.719281151859550572214894372562825034         7.19281151859550572214894372562822819E-0002   0.00000000000000000000000000000000000        0.791209267045505629436383809819107316      
   52.0000000000000000000000000000000000         0.00000000000000000000000000000000000        0.666040051020971352641468692945811826         6.66040051020971352641468692945806867E-0002   0.00000000000000000000000000000000000        0.732644056123068487905615562240392537      
   53.0000000000000000000000000000000000         0.00000000000000000000000000000000000        0.616558714468321693600184358205430281         6.16558714468321693600184358205434675E-0002   0.00000000000000000000000000000000000        0.678214585915153862960202794025973743      
   54.0000000000000000000000000000000000         0.00000000000000000000000000000000000        0.570593287423634584306246923472994178         5.70593287423634584306246923472991794E-0002   0.00000000000000000000000000000000000        0.627652616165998042736871615820293393      
   55.0000000000000000000000000000000000         0.00000000000000000000000000000000000        0.527914300698267356541566178135131210         5.27914300698267356541566178135133124E-0002   0.00000000000000000000000000000000000        0.580705730768094092195722795948644505      
   56.0000000000000000000000000000000000         0.00000000000000000000000000000000000        0.488305890852267846991483437592660901         4.88305890852267846991483437592659276E-0002   0.00000000000000000000000000000000000        0.537136479937494631690631781351926822      
   57.0000000000000000000000000000000000         0.00000000000000000000000000000000000        0.451565054017754831850811785234019055         4.51565054017754831850811785234017478E-0002   0.00000000000000000000000000000000000        0.496721559419530315035892963757420820      
   58.0000000000000000000000000000000000         0.00000000000000000000000000000000000        0.417500932592505302394481180413558388         4.17500932592505302394481180413560158E-0002   0.00000000000000000000000000000000000        0.459251025851755832633929298454914386      
   59.0000000000000000000000000000000000         0.00000000000000000000000000000000000        0.385934134005426989901687202005531987         3.85934134005426989901687202005532770E-0002   0.00000000000000000000000000000000000        0.424527547405969688891855922206085283      
   60.0000000000000000000000000000000000         0.00000000000000000000000000000000000        0.356696080752471558732304717285072731         3.56696080752471558732304717285067976E-0002   0.00000000000000000000000000000000000        0.392365688827718714605535189013579547      
   61.0000000000000000000000000000000000         0.00000000000000000000000000000000000        0.329628390899746430846952811943956714         3.29628390899746430846952811943961071E-0002   0.00000000000000000000000000000000000        0.362591229989721073931648093138352809      
   62.0000000000000000000000000000000000         0.00000000000000000000000000000000000        0.304582288250040186758619083793991301         3.04582288250040186758619083793991812E-0002   0.00000000000000000000000000000000000        0.335040517075044205434480992173390479      
   63.0000000000000000000000000000000000         0.00000000000000000000000000000000000        0.281418041369611559562915302624459938         2.81418041369611559562915302624458446E-0002   0.00000000000000000000000000000000000        0.309559845506572715519206832886905783      
   64.0000000000000000000000000000000000         0.00000000000000000000000000000000000        0.260004430673824046630115168138544588         2.60004430673824046630115168138544094E-0002   0.00000000000000000000000000000000000        0.286004873741206451293126684952399003      
   65.0000000000000000000000000000000000         0.00000000000000000000000000000000000        0.240218242772951774723779076137912189         2.40218242772951774723779076137912635E-0002   0.00000000000000000000000000000000000        0.264240067050246952196156983751703459      
   66.0000000000000000000000000000000000         0.00000000000000000000000000000000000        0.221943791283148719981336456167236337         2.21943791283148719981336456167234622E-0002   0.00000000000000000000000000000000000        0.244138170411463591979470101783959791      
   67.0000000000000000000000000000000000         0.00000000000000000000000000000000000        0.205072463312071397860828949523017626         2.05072463312071397860828949523016723E-0002   0.00000000000000000000000000000000000        0.225579709643278537646911844475319304      
   68.0000000000000000000000000000000000         0.00000000000000000000000000000000000        0.189502290833881750484725813857994640         1.89502290833881750484725813857994845E-0002   0.00000000000000000000000000000000000        0.208452519917269925533198395243794119      
   69.0000000000000000000000000000000000         0.00000000000000000000000000000000000        0.175137546174238516611647356811362387         1.75137546174238516611647356811363687E-0002   0.00000000000000000000000000000000000        0.192651300791662368272812092492498768      
   70.0000000000000000000000000000000000         0.00000000000000000000000000000000000        0.161888360832318450700096537016068925         1.61888360832318450700096537016069016E-0002   0.00000000000000000000000000000000000        0.178077196915550295770106190717675818      
   71.0000000000000000000000000000000000         0.00000000000000000000000000000000000        0.149670366873801078609720905933080252         1.49670366873801078609720905933079711E-0002   0.00000000000000000000000000000000000        0.164637403561181186470692996526388229      
   72.0000000000000000000000000000000000         0.00000000000000000000000000000000000        0.138404360136011953501073281114251182         1.38404360136011953501073281114250815E-0002   0.00000000000000000000000000000000000        0.152244796149613148851180609225676267      
   73.0000000000000000000000000000000000         0.00000000000000000000000000000000000        0.128015984493962117880469443058138657         1.28015984493962117880469443058137501E-0002   0.00000000000000000000000000000000000        0.140817582943358329668516387363952407      
   74.0000000000000000000000000000000000         0.00000000000000000000000000000000000        0.118435436443761717635078557447814896         1.18435436443761717635078557447816039E-0002   0.00000000000000000000000000000000000        0.130278980088137889398586413192596499      
   75.0000000000000000000000000000000000         0.00000000000000000000000000000000000        0.109597189267743642733386096751236278         1.09597189267743642733386096751236357E-0002   0.00000000000000000000000000000000000        0.120556908194518007006724706426359917      
   76.0000000000000000000000000000000000         0.00000000000000000000000000000000000        0.101439736053533591014750303227841559         1.01439736053533591014750303227841153E-0002   0.00000000000000000000000000000000000        0.111583709658886950116225333550625679      
   77.0000000000000000000000000000000000         0.00000000000000000000000000000000000         9.39053508471761438661664287173447221E-0002   9.39053508471761438661664287173446047E-0003   0.00000000000000000000000000000000000        0.103295885931893758252783071589079181      
   78.0000000000000000000000000000000000         0.00000000000000000000000000000000000         8.69398672282079264387489095362478202E-0002   8.69398672282079264387489095362484220E-0003   0.00000000000000000000000000000000000         9.56338539510287190826238004898726684E-0002
   79.0000000000000000000000000000000000         0.00000000000000000000000000000000000         8.04924736022001434591482897632429342E-0002   8.04924736022001434591482897632420646E-0003   0.00000000000000000000000000000000000         8.85417209624201578050631187395671362E-0002
   80.0000000000000000000000000000000000         0.00000000000000000000000000000000000         7.45155245137211916298469051269803991E-0002   7.45155245137211916298469051269801704E-0003   0.00000000000000000000000000000000000         8.19670769650933107928315956396784161E-0002
   81.0000000000000000000000000000000000         0.00000000000000000000000000000000000         6.89643672898492306719869576026009292E-0002   6.89643672898492306719869576026011579E-0003   0.00000000000000000000000000000000000         7.58608040188341537391856533628610389E-0002
   82.0000000000000000000000000000000000         0.00000000000000000000000000000000000         6.37971833312542804750009087021318806E-0002   6.37971833312542804750009087021322673E-0003   0.00000000000000000000000000000000000         7.01769016643797085225009995723451036E-0002
   83.0000000000000000000000000000000000         0.00000000000000000000000000000000000         5.89748433744354480814192009469711943E-0002   5.89748433744354480814192009469700583E-0003   0.00000000000000000000000000000000000         6.48723277118789928895611210416682024E-0002
   84.0000000000000000000000000000000000         0.00000000000000000000000000000000000         5.44607760549131301331756510735513871E-0002   5.44607760549131301331756510735516971E-0003   0.00000000000000000000000000000000000         5.99068536604044431464932161809065553E-0002
   85.0000000000000000000000000000000000         0.00000000000000000000000000000000000         5.02208491070161845619642489914312011E-0002   5.02208491070161845619642489914313516E-0003   0.00000000000000000000000000000000000         5.52429340177178030181606738905743333E-0002
   86.0000000000000000000000000000000000         0.00000000000000000000000000000000000         4.62232625413534537102108074011298434E-0002   4.62232625413534537102108074011299953E-0003   0.00000000000000000000000000000000000         5.08455887954887990812318881412428422E-0002
   87.0000000000000000000000000000000000         0.00000000000000000000000000000000000         4.24384531461063620006980871823188171E-0002   4.24384531461063620006980871823185869E-0003   0.00000000000000000000000000000000000         4.66822984607169982007678959005506765E-0002
   88.0000000000000000000000000000000000         0.00000000000000000000000000000000000         3.88390096629184050057379684608118392E-0002   3.88390096629184050057379684608119483E-0003   0.00000000000000000000000000000000000         4.27229106292102455063117653068930352E-0002
   89.0000000000000000000000000000000000         0.00000000000000000000000000000000000         3.53995979923867632415336027501473661E-0002   3.53995979923867632415336027501474963E-0003   0.00000000000000000000000000000000000         3.89395577916254395656869630251621154E-0002
   90.0000000000000000000000000000000000         0.00000000000000000000000000000000000         3.20968957879840133914635944248639499E-0002   3.20968957879840133914635944248640846E-0003   0.00000000000000000000000000000000000         3.53065853667824147306099538673503588E-0002
   91.0000000000000000000000000000000000         0.00000000000000000000000000000000000         2.89095358006610483270626793966845937E-0002   2.89095358006610483270626793966842995E-0003   0.00000000000000000000000000000000000         3.18004893807271531597689473363530217E-0002
   92.0000000000000000000000000000000000         0.00000000000000000000000000000000000         2.58180573394166454613172217859732798E-0002   2.58180573394166454613172217859732843E-0003   0.00000000000000000000000000000000000         2.83998630733583100074489439645706075E-0002
   93.0000000000000000000000000000000000         0.00000000000000000000000000000000000         2.28048652157787796078640752262538577E-0002   2.28048652157787796078640752262537712E-0003   0.00000000000000000000000000000000000         2.50853517373566575686504827488792360E-0002
   94.0000000000000000000000000000000000         0.00000000000000000000000000000000000         1.98541955424448868495433823210088024E-0002   1.98541955424448868495433823210090710E-0003   0.00000000000000000000000000000000000         2.18396150966893755344977205531097092E-0002
   95.0000000000000000000000000000000000         0.00000000000000000000000000000000000         1.69520877582926061967742575646420516E-0002   1.69520877582926061967742575646420693E-0003   0.00000000000000000000000000000000000         1.86472965341218668164516833211062580E-0002
   96.0000000000000000000000000000000000         0.00000000000000000000000000000000000         1.40863622536210996846167301758581699E-0002   1.40863622536210996846167301758583023E-0003   0.00000000000000000000000000000000000         1.54949984789832096530784031934440008E-0002
   97.0000000000000000000000000000000000         0.00000000000000000000000000000000000         1.12466029708398817116845567280411290E-0002   1.12466029708398817116845567280410162E-0003   0.00000000000000000000000000000000000         1.23712632679238698828530124008452306E-0002
   98.0000000000000000000000000000000000         0.00000000000000000000000000000000000         8.42414435691282685831105359631433960E-0003   8.42414435691282685831105359631430782E-0004   0.00000000000000000000000000000000000         9.26655879260410954414215895594577010E-0003
   99.0000000000000000000000000000000000         0.00000000000000000000000000000000000         5.61206204471668507452403996751861697E-0003   5.61206204471668507452403996751861415E-0004   0.00000000000000000000000000000000000         6.17326824918835358197644396427047829E-0003
   100.000000000000000000000000000000000         0.00000000000000000000000000000000000         2.80516664111412329492159354061845544E-0003   2.80516664111412329492159354061842779E-0004   0.00000000000000000000000000000000000         3.08568330522553562441375289468029831E-0003
   101.000000000000000000000000000000000         0.00000000000000000000000000000000000         0.00000000000000000000000000000000000         0.00000000000000000000000000000000000         0.00000000000000000000000000000000000         0.00000000000000000000000000000000000      
