   0.00000000000000000000000000000000000         0.00000000000000000000000000000000000         3.15576004213391492214668687665835023E-0003   121.145162140298539275148245589198135         0.00000000000000000000000000000000000         121.148317900340673190070392276074794      
   1.00000000000000000000000000000000000         0.00000000000000000000000000000000000         3.15576004213391492214668687665835023E-0003   112.784633725927828691450607273475663         0.00000000000000000000000000000000000         112.787789485969962606372753960352321      
   2.00000000000000000000000000000000000         0.00000000000000000000000000000000000         3.15576004213391492214668687665835023E-0003   105.015054390287361762222236155898977         0.00000000000000000000000000000000000         105.018210150329495677144382842775636      
   3.00000000000000000000000000000000000         0.00000000000000000000000000000000000         3.15576004213391492214668687665835023E-0003   97.8037326217412655331688672002022751         0.00000000000000000000000000000000000         97.8068883817833994480910138870789335      
   4.00000000000000000000000000000000000         0.00000000000000000000000000000000000         3.15576004213391492214668687665835023E-0003   91.1192663467117512177616936403905261         0.00000000000000000000000000000000000         91.1224221067538851326838403272671845      
   5.00000000000000000000000000000000000         0.00000000000000000000000000000000000         3.15576004213391492214668687665835023E-0003   84.9315197019330255671911790922013833         0.00000000000000000000000000000000000         84.9346754619751594821133257790780417      
   6.00000000000000000000000000000000000         0.00000000000000000000000000000000000         3.15576004213391492214668687665835023E-0003   79.2117562563818580509818713387376284         0.00000000000000000000000000000000000         79.2149120164239919659040180256142867      
   7.00000000000000000000000000000000000         0.00000000000000000000000000000000000         3.15576004213391492214668687665835023E-0003   73.9328648896347650681307479978700811         0.00000000000000000000000000000000000         73.9360206496768989830528946847467395      
   8.00000000000000000000000000000000000         0.00000000000000000000000000000000000         3.15576004213391492214668687665835023E-0003   69.0693559903850625200915504620137406         0.00000000000000000000000000000000000         69.0725117504271964350136971488903990      
   9.00000000000000000000000000000000000         0.00000000000000000000000000000000000         3.15576004213391492214668687665835023E-0003   64.5968178528797155874062195591745553         0.00000000000000000000000000000000000         64.5999736129218495023283662460512136      
   10.0000000000000000000000000000000000         0.00000000000000000000000000000000000         3.15576004213391492214668687665835023E-0003   60.4910488791477276412037564843228630         0.00000000000000000000000000000000000         60.4942046391898615561259031711995213      
   11.0000000000000000000000000000000000         0.00000000000000000000000000000000000         3.15576004213391492214668687665835023E-0003   56.7277433415694621743737569851715660         0.00000000000000000000000000000000000         56.7308991016115960892959036720482244      
   12.0000000000000000000000000000000000         0.00000000000000000000000000000000000         3.15576004213391492214668687665835023E-0003   53.2835420567923519223475392944830688         0.00000000000000000000000000000000000         53.2866978168344858372696859813597271      
   13.0000000000000000000000000000000000         0.00000000000000000000000000000000000         3.15576004213391492214668687665835023E-0003   50.1380877844616337247014590279331308         0.00000000000000000000000000000000000         50.1412435445037676396236057148097891      
   14.0000000000000000000000000000000000         0.00000000000000000000000000000000000         3.15576004213391492214668687665835023E-0003   47.2753530274293676822116139931167026         0.00000000000000000000000000000000000         47.2785087874715015971337606799933610      
   15.0000000000000000000000000000000000         0.00000000000000000000000000000000000         3.15576004213391492214668687665835023E-0003   44.6824827045140862946218437723908235         0.00000000000000000000000000000000000         44.6856384645562202095439904592674818      
   16.0000000000000000000000000000000000         0.00000000000000000000000000000000000         3.15576004213391492214668687665835023E-0003   42.3461871815902579930139816787925250         0.00000000000000000000000000000000000         42.3493429416323919079361283656691834      
   17.0000000000000000000000000000000000         0.00000000000000000000000000000000000         3.15576004213391492214668687665835023E-0003   40.2488961741322535844258746876414864         0.00000000000000000000000000000000000         40.2520519341743874993480213745181448      
   18.0000000000000000000000000000000000         0.00000000000000000000000000000000000         3.15576004213391492214668687665835023E-0003   38.3673873846884548678396068479729926         0.00000000000000000000000000000000000         38.3705431447305887827617535348496509      
   19.0000000000000000000000000000000000         0.00000000000000000000000000000000000         3.15576004213391492214668687665835023E-0003   36.6748866887609753410626164430514098         0.00000000000000000000000000000000000         36.6780424488031092559847631299280681      
   20.0000000000000000000000000000000000         0.00000000000000000000000000000000000         3.15576004213391492214668687665835023E-0003   35.1452138351321504089305287178465306         0.00000000000000000000000000000000000         35.1483695951742843238526754047231889      
   21.0000000000000000000000000000000000         0.00000000000000000000000000000000000         3.15576004213391492214668687665835023E-0003   33.7564189817545618824479260027224975         0.00000000000000000000000000000000000         33.7595747417966957973700726895991558      
   22.0000000000000000000000000000000000         0.00000000000000000000000000000000000         29.2810787103465248270905039998199420         3.21421780003809480369326662270643131         0.00000000000000000000000000000000000         32.4952965103846196307837706225263741      
   23.0000000000000000000000000000000000         0.00000000000000000000000000000000000         28.4943291039692316791791485294963523         2.84943291039692316791791485294964417         0.00000000000000000000000000000000000         31.3437620143661548470970633824459965      
   24.0000000000000000000000000000000000         0.00000000000000000000000000000000000         27.4818450567005501864759939724791713         2.74818450567005501864759939724794841         0.00000000000000000000000000000000000         30.2300295623706052051235933697271205      
   25.0000000000000000000000000000000000         0.00000000000000000000000000000000000         26.5029581973224877929209832927721705         2.65029581973224877929209832927720295         0.00000000000000000000000000000000000         29.1532540170547365722130816220493746      
   26.0000000000000000000000000000000000         0.00000000000000000000000000000000000         25.5568987008273662342579897948433558         2.55568987008273662342579897948433072         0.00000000000000000000000000000000000         28.1125885709101028576837887743276861      
   27.0000000000000000000000000000000000         0.00000000000000000000000000000000000         24.6428878872712325905188864009220231         2.46428878872712325905188864009221857         0.00000000000000000000000000000000000         27.1071766759983558495707750410142405      
   28.0000000000000000000000000000000000         0.00000000000000000000000000000000000         23.7601346725334686746952608688589725         2.37601346725334686746952608688580951         0.00000000000000000000000000000000000         26.1361481397868155421647869557447832      
   29.0000000000000000000000000000000000         0.00000000000000000000000000000000000         22.9078349686984057978596160166400095         2.29078349686984057978596160166408107         0.00000000000000000000000000000000000         25.1986184655682463776455776183040906      
   30.0000000000000000000000000000000000         0.00000000000000000000000000000000000         22.0851731887907515117603608824711602         2.20851731887907515117603608824707912         0.00000000000000000000000000000000000         24.2936905076698266629363969707182404      
   31.0000000000000000000000000000000000         0.00000000000000000000000000000000000         21.2913250895261944680686469253550637         2.12913250895261944680686469253553272         0.00000000000000000000000000000000000         23.4204575984788139148755116178905957      
   32.0000000000000000000000000000000000         0.00000000000000000000000000000000000         20.5254613142481517813012952932316601         2.05254613142481517813012952932318150         0.00000000000000000000000000000000000         22.5780074456729669594314248225548413      
   33.0000000000000000000000000000000000         0.00000000000000000000000000000000000         19.7867511458871669166710751502911086         1.97867511458871669166710751502908706         0.00000000000000000000000000000000000         21.7654262604758836083381826653201960      
   34.0000000000000000000000000000000000         0.00000000000000000000000000000000000         19.0743661243479560762980521813514896         1.90743661243479560762980521813513876         0.00000000000000000000000000000000000         20.9818027367827516839278573994866294      
   35.0000000000000000000000000000000000         0.00000000000000000000000000000000000         18.3874833100869164730323612927532563         1.83874833100869164730323612927535059         0.00000000000000000000000000000000000         20.2262316410956081203355974220286084      
   36.0000000000000000000000000000000000         0.00000000000000000000000000000000000         17.7252880786770981682288355457028459         1.77252880786770981682288355457026564         0.00000000000000000000000000000000000         19.4978168865448079850517191002731123      
   37.0000000000000000000000000000000000         0.00000000000000000000000000000000000         17.0869764080871243325016341919632583         1.70869764080871243325016341919639424         0.00000000000000000000000000000000000         18.7956740488958367657517976111596526      
   38.0000000000000000000000000000000000         0.00000000000000000000000000000000000         16.4717566730176146191371310224596490         1.64717566730176146191371310224594056         0.00000000000000000000000000000000000         18.1189323403193760810508441247055896      
   39.0000000000000000000000000000000000         0.00000000000000000000000000000000000         15.8788509927456846420321733468807135         1.58788509927456846420321733468808884         0.00000000000000000000000000000000000         17.4667360920202531062353906815688035      
   40.0000000000000000000000000000000000         0.00000000000000000000000000000000000         15.3074961951138868452665376589056417         1.53074961951138868452665376589050104         0.00000000000000000000000000000000000         16.8382458146252755297931914247961433      
   41.0000000000000000000000000000000000         0.00000000000000000000000000000000000         14.7569444640926831824022403364833970         1.47569444640926831824022403364840361         0.00000000000000000000000000000000000         16.2326389105019515006424643701318001      
   42.0000000000000000000000000000000000         0.00000000000000000000000000000000000         14.2264637357086018195759328372947625         1.42264637357086018195759328372947976         0.00000000000000000000000000000000000         15.6491101092794620015335261210242417      
   43.0000000000000000000000000000000000         0.00000000000000000000000000000000000         13.7153379002313455541608274501098826         1.37153379002313455541608274501097566         0.00000000000000000000000000000000000         15.0868716902544801095769101951208580      
   44.0000000000000000000000000000000000         0.00000000000000000000000000000000000         13.2228668596859662765593333419193939         1.32228668596859662765593333419196400         0.00000000000000000000000000000000000         14.5451535456545629042152666761113581      
   45.0000000000000000000000000000000000         0.00000000000000000000000000000000000         12.7483664805801057348483516907029091         1.27483664805801057348483516907027042         0.00000000000000000000000000000000000         14.0232031286381163083331868597731795      
   46.0000000000000000000000000000000000         0.00000000000000000000000000000000000         12.2911684731740050807825851618758443         1.22911684731740050807825851618756290         0.00000000000000000000000000000000000         13.5202853204914055888608436780634078      
   47.0000000000000000000000000000000000         0.00000000000000000000000000000000000         11.8506202211722427820564857490788428         1.18506202211722427820564857490793012         0.00000000000000000000000000000000000         13.0356822432894670602621343239867733      
   48.0000000000000000000000000000000000         0.00000000000000000000000000000000000         11.4260845795604307141474608747114572         1.14260845795604307141474608747113521         0.00000000000000000000000000000000000         12.5686930375164737855622069621825919      
   49.0000000000000000000000000000000000         0.00000000000000000000000000000000000         11.0169396534251330386066761906882700         1.10169396534251330386066761906885851         0.00000000000000000000000000000000000         12.1186336187676463424673438097571281      
   50.0000000000000000000000000000000000         0.00000000000000000000000000000000000         10.6225785668472324394289454846721228         1.06225785668472324394289454846720396         0.00000000000000000000000000000000000         11.6848364235319556833718400331393268      
   51.0000000000000000000000000000000000         0.00000000000000000000000000000000000         10.2424092281655076063287095154277676         1.02424092281655076063287095154276713         0.00000000000000000000000000000000000         11.2666501509820583669615804669705351      
   52.0000000000000000000000000000000000         0.00000000000000000000000000000000000         9.87585409587786396764186197070799479        0.987585409587786396764186197070789040         0.00000000000000000000000000000000000         10.8634395054656503644060481677787836      
   53.0000000000000000000000000000000000         0.00000000000000000000000000000000000         9.52234994800702843544473234378812362        0.952234994800702843544473234378847164         0.00000000000000000000000000000000000         10.4745849428077312789892055781669713      
   54.0000000000000000000000000000000000         0.00000000000000000000000000000000000         9.18134765675602714650410710841733417        0.918134765675602714650410710841713156         0.00000000000000000000000000000000000         10.0994824224316298611545178192590469      
   55.0000000000000000000000000000000000         0.00000000000000000000000000000000000         8.85231196959580606958964768950851088        0.885231196959580606958964768950833215         0.00000000000000000000000000000000000         9.73754316655538667654861245845934332      
   56.0000000000000000000000000000000000         0.00000000000000000000000000000000000         8.53472129746975865847973886147544941        0.853472129746975865847973886147539914         0.00000000000000000000000000000000000         9.38819342721673452432771274762298865      
   57.0000000000000000000000000000000000         0.00000000000000000000000000000000000         8.22806751049821807341383093104726651        0.822806751049821807341383093104741596         0.00000000000000000000000000000000000         9.05087426154803988075521402415200733      
   58.0000000000000000000000000000000000         0.00000000000000000000000000000000000         7.93185574136988957721963324048862985        0.793185574136988957721963324048869533         0.00000000000000000000000000000000000         8.72504131550687853494159656453749900      
   59.0000000000000000000000000000000000         0.00000000000000000000000000000000000         7.64560419648132870839324248222115807        0.764560419648132870839324248222106987         0.00000000000000000000000000000000000         8.41016461612946157923256673044326448      
   60.0000000000000000000000000000000000         0.00000000000000000000000000000000000         7.36884397480555123224448801667655899        0.736884397480555123224448801667638913         0.00000000000000000000000000000000000         8.10572837228610635546893681834419733      
   61.0000000000000000000000000000000000         0.00000000000000000000000000000000000         7.10111889442029337963224685115804791        0.710111889442029337963224685115800053         0.00000000000000000000000000000000000         7.81123078386232271759547153627384777      
   62.0000000000000000000000000000000000         0.00000000000000000000000000000000000         6.84198532659450693131647021939356375        0.684198532659450693131647021939373053         0.00000000000000000000000000000000000         7.52618385925395762444811724133293661      
   63.0000000000000000000000000000000000         0.00000000000000000000000000000000000         6.59101203731136813156617885531898712        0.659101203731136813156617885531902622         0.00000000000000000000000000000000000         7.25011324104250494472279674085088946      
   64.0000000000000000000000000000000000         0.00000000000000000000000000000000000         6.34778003609294503733279312150467244        0.634778003609294503733279312150448024         0.00000000000000000000000000000000000         6.98255803970223954106607243365512066      
   65.0000000000000000000000000000000000         0.00000000000000000000000000000000000         6.11188243198291500281356760909804838        0.611188243198291500281356760909801622         0.00000000000000000000000000000000000         6.72307067518120650309492437000784991      
   66.0000000000000000000000000000000000         0.00000000000000000000000000000000000         5.88292429653763318884378089727327734        0.588292429653763318884378089727335071         0.00000000000000000000000000000000000         6.47121672619139650772815898700061231      
   67.0000000000000000000000000000000000         0.00000000000000000000000000000000000         5.66052253367137966093586251947139580        0.566052253367137966093586251947133359         0.00000000000000000000000000000000000         6.22657478703851762702944877141852906      
   68.0000000000000000000000000000000000         0.00000000000000000000000000000000000         5.44430575619813039921305694871891098        0.544430575619813039921305694871895084         0.00000000000000000000000000000000000         5.98873633181794343913436264359080616      
   69.0000000000000000000000000000000000         0.00000000000000000000000000000000000         5.23391416890933507323451783694401257        0.523391416890933507323451783694395903         0.00000000000000000000000000000000000         5.75730558580026858055796962063840866      
   70.0000000000000000000000000000000000         0.00000000000000000000000000000000000         5.02899945802472367966329639254867026        0.502899945802472367966329639254867006         0.00000000000000000000000000000000000         5.53189940382719604762962603180353736      
   71.0000000000000000000000000000000000         0.00000000000000000000000000000000000         4.82922468685097783817070790938981807        0.482922468685097783817070790938978100         0.00000000000000000000000000000000000         5.31214715553607562198777870032879641      
   72.0000000000000000000000000000000000         0.00000000000000000000000000000000000         4.63426419748111651997788327213928101        0.463426419748111651997788327213931326         0.00000000000000000000000000000000000         5.09769061722922817197567159935321257      
   73.0000000000000000000000000000000000         0.00000000000000000000000000000000000         4.44380351836561675907942846597578390        0.444380351836561675907942846597574673         0.00000000000000000000000000000000000         4.88818387020217843498737131257335867      
   74.0000000000000000000000000000000000         0.00000000000000000000000000000000000         4.25753927758459154387588924218405524        0.425753927758459154387588924218403338         0.00000000000000000000000000000000000         4.68329320534305069826347816640245853      
   75.0000000000000000000000000000000000         0.00000000000000000000000000000000000         4.07517912164876365441118678278750700        0.407517912164876365441118678278752443         0.00000000000000000000000000000000000         4.48269703381364001985230546106625978      
   76.0000000000000000000000000000000000         0.00000000000000000000000000000000000         3.89644163965549538264264238768019778        0.389644163965549538264264238768014520         0.00000000000000000000000000000000000         4.28608580362104492090690662644821259      
   77.0000000000000000000000000000000000         0.00000000000000000000000000000000000         3.72105629262475271987996099950645913        0.372105629262475271987996099950652491         0.00000000000000000000000000000000000         4.09316192188722799186795709945711148      
   78.0000000000000000000000000000000000         0.00000000000000000000000000000000000         3.54876334783859339339722913793367101        0.354876334783859339339722913793361429         0.00000000000000000000000000000000000         3.90363968262245273273695205172703248      
   79.0000000000000000000000000000000000         0.00000000000000000000000000000000000         3.37931381800656679503318908595309249        0.337931381800656679503318908595324021         0.00000000000000000000000000000000000         3.71724519980722347453650799454841661      
   80.0000000000000000000000000000000000         0.00000000000000000000000000000000000         3.21246940507829668138833600375654109        0.321246940507829668138833600375645163         0.00000000000000000000000000000000000         3.53371634558612634952716960413218630      
   81.0000000000000000000000000000000000         0.00000000000000000000000000000000000         3.04800244852348120556002092507339537        0.304800244852348120556002092507337573         0.00000000000000000000000000000000000         3.35280269337582932611602301758073294      
   82.0000000000000000000000000000000000         0.00000000000000000000000000000000000         2.88569587789858624281549032290589594        0.288569587789858624281549032290584981         0.00000000000000000000000000000000000         3.17426546568844486709703935519648106      
   83.0000000000000000000000000000000000         0.00000000000000000000000000000000000         2.72534316951862410050459321477523944        0.272534316951862410050459321477530886         0.00000000000000000000000000000000000         2.99787748647048651055505253625277047      
   84.0000000000000000000000000000000000         0.00000000000000000000000000000000000         2.56674830705159762975157887549700928        0.256674830705159762975157887549698096         0.00000000000000000000000000000000000         2.82342313775675739272673676304670747      
   85.0000000000000000000000000000000000         0.00000000000000000000000000000000000         2.40972574585244659196253520093940487        0.240972574585244659196253520093941657         0.00000000000000000000000000000000000         2.65069832043769125115878872103334655      
   86.0000000000000000000000000000000000         0.00000000000000000000000000000000000         2.25410038085265599664244755531259408        0.225410038085265599664244755531255575         0.00000000000000000000000000000000000         2.47951041893792159630669231084384975      
   87.0000000000000000000000000000000000         0.00000000000000000000000000000000000         2.09970751782107213195105296142166055        0.209970751782107213195105296142170730         0.00000000000000000000000000000000000         2.30967826960317934514615825756383111      
   88.0000000000000000000000000000000000         0.00000000000000000000000000000000000         1.94639284781091825125791883733094333        0.194639284781091825125791883733090731         0.00000000000000000000000000000000000         2.14103213259201007638371072106403396      
   89.0000000000000000000000000000000000         0.00000000000000000000000000000000000         1.79401242460750542680296127272070000        0.179401242460750542680296127272072446         0.00000000000000000000000000000000000         1.97341366706825596948325739999277245      
   90.0000000000000000000000000000000000         0.00000000000000000000000000000000000         1.64243264499069197291294902842382592        0.164243264499069197291294902842385443         0.00000000000000000000000000000000000         1.80667590948976117020424393126621137      
   91.0000000000000000000000000000000000         0.00000000000000000000000000000000000         1.49153023162575407885435175560183620        0.149153023162575407885435175560182262         0.00000000000000000000000000000000000         1.64068325478832948673978693116201851      
   92.0000000000000000000000000000000000         0.00000000000000000000000000000000000         1.34119221839598784216380364221022523        0.134119221839598784216380364221024777         0.00000000000000000000000000000000000         1.47531144023558662638018400643125001      
   93.0000000000000000000000000000000000         0.00000000000000000000000000000000000         1.19131593799006568829723923965209672        0.119131593799006568829723923965206788         0.00000000000000000000000000000000000         1.31044753178907225712696316361730358      
   94.0000000000000000000000000000000000         0.00000000000000000000000000000000000         1.04180901155691509838249328284643783        0.104180901155691509838249328284644397         0.00000000000000000000000000000000000         1.14598991271260660822074261113108219      
   95.0000000000000000000000000000000000         0.00000000000000000000000000000000000        0.892589340240671508241823907927895735         8.92589340240671508241823907927892846E-0002   0.00000000000000000000000000000000000        0.981848274264738659066006298720685019      
   96.0000000000000000000000000000000000         0.00000000000000000000000000000000000        0.743585098408077023760063421019527526         7.43585098408077023760063421019539418E-0002   0.00000000000000000000000000000000000        0.817943608248884726136069763121481492      
   97.0000000000000000000000000000000000         0.00000000000000000000000000000000000        0.594734728380549029007144725716000362         5.94734728380549029007144725715987097E-0002   0.00000000000000000000000000000000000        0.654208201218603931907859198287599108      
   98.0000000000000000000000000000000000         0.00000000000000000000000000000000000        0.445986936483024630415543093664293819         4.45986936483024630415543093664292182E-0002   0.00000000000000000000000000000000000        0.490585630131327093457097403030723062      
   99.0000000000000000000000000000000000         0.00000000000000000000000000000000000        0.297300690221594949634168394170721448         2.97300690221594949634168394170728339E-0002   0.00000000000000000000000000000000000        0.327030759243754444597585233587794291      
   100.000000000000000000000000000000000         0.00000000000000000000000000000000000        0.148645216401874300465901446278481712         1.48645216401874300465901446278482955E-0002   0.00000000000000000000000000000000000        0.163509738042061730512491590906330006      
   101.000000000000000000000000000000000         0.00000000000000000000000000000000000         0.00000000000000000000000000000000000         0.00000000000000000000000000000000000         0.00000000000000000000000000000000000         0.00000000000000000000000000000000000      
