   0.00000000000000000000000000000000000         0.00000000000000000000000000000000000         3.15576004213391492214668687665835023E-0003   107.137904840124891514594465421160540         0.00000000000000000000000000000000000         107.141060600167025429516612108037199      
   1.00000000000000000000000000000000000         0.00000000000000000000000000000000000         3.15576004213391492214668687665835023E-0003   99.3094839215748822658042598593535961         0.00000000000000000000000000000000000         99.3126396816170161807264065462302545      
   2.00000000000000000000000000000000000         0.00000000000000000000000000000000000         3.15576004213391492214668687665835023E-0003   92.0696512518288899233331580212030887         0.00000000000000000000000000000000000         92.0728070118710238382553047080797470      
   3.00000000000000000000000000000000000         0.00000000000000000000000000000000000         3.15576004213391492214668687665835023E-0003   85.3834870735185853515894986090594522         0.00000000000000000000000000000000000         85.3866428335607192665116452959361105      
   4.00000000000000000000000000000000000         0.00000000000000000000000000000000000         3.15576004213391492214668687665835023E-0003   79.2175618521735899966175302354010684         0.00000000000000000000000000000000000         79.2207176122157239115396769222777267      
   5.00000000000000000000000000000000000         0.00000000000000000000000000000000000         3.15576004213391492214668687665835023E-0003   73.5399308193845148182804430411802344         0.00000000000000000000000000000000000         73.5430865794266487332025897280568928      
   6.00000000000000000000000000000000000         0.00000000000000000000000000000000000         3.15576004213391492214668687665835023E-0003   68.3201231660283602724504775333319243         0.00000000000000000000000000000000000         68.3232789260704941873726242202085827      
   7.00000000000000000000000000000000000         0.00000000000000000000000000000000000         3.15576004213391492214668687665835023E-0003   63.5291245005646716513456195186379593         0.00000000000000000000000000000000000         63.5322802606068055662677662055146176      
   8.00000000000000000000000000000000000         0.00000000000000000000000000000000000         3.15576004213391492214668687665835023E-0003   59.1393515649200139224670925992589351         0.00000000000000000000000000000000000         59.1425073249621478373892392861355934      
   9.00000000000000000000000000000000000         0.00000000000000000000000000000000000         3.15576004213391492214668687665835023E-0003   55.1246186082285056402239210036425000         0.00000000000000000000000000000000000         55.1277743682706395551460676905191584      
   10.0000000000000000000000000000000000         0.00000000000000000000000000000000000         3.15576004213391492214668687665835023E-0003   51.4600952203437510374667734413784697         0.00000000000000000000000000000000000         51.4632509803858849523889201282551280      
   11.0000000000000000000000000000000000         0.00000000000000000000000000000000000         3.15576004213391492214668687665835023E-0003   48.1222557946740394668133995447255896         0.00000000000000000000000000000000000         48.1254115547161733817355462316022479      
   12.0000000000000000000000000000000000         0.00000000000000000000000000000000000         3.15576004213391492214668687665835023E-0003   45.0888211040049967454830295342697296         0.00000000000000000000000000000000000         45.0919768640471306604051762211463880      
   13.0000000000000000000000000000000000         0.00000000000000000000000000000000000         3.15576004213391492214668687665835023E-0003   42.3386927218498470188108280490531250         0.00000000000000000000000000000000000         42.3418484818919809337329747359297833      
   14.0000000000000000000000000000000000         0.00000000000000000000000000000000000         3.15576004213391492214668687665835023E-0003   39.8518812006139351875155341939577244         0.00000000000000000000000000000000000         39.8550369606560691024376808808343827      
   15.0000000000000000000000000000000000         0.00000000000000000000000000000000000         3.15576004213391492214668687665835023E-0003   37.6094290271880014234763815820630582         0.00000000000000000000000000000000000         37.6125847872301353383985282689397166      
   16.0000000000000000000000000000000000         0.00000000000000000000000000000000000         3.15576004213391492214668687665835023E-0003   35.5933294214954876021867142068412007         0.00000000000000000000000000000000000         35.5964851815376215171088608937178591      
   17.0000000000000000000000000000000000         0.00000000000000000000000000000000000         3.15576004213391492214668687665835023E-0003   33.7864420320040315246475916421280605         0.00000000000000000000000000000000000         33.7895977920461654395697383290047189      
   18.0000000000000000000000000000000000         0.00000000000000000000000000000000000         3.15576004213391492214668687665835023E-0003   32.1724065240454264825409914588883553         0.00000000000000000000000000000000000         32.1755622840875603974631381457650136      
   19.0000000000000000000000000000000000         0.00000000000000000000000000000000000         3.15576004213391492214668687665835023E-0003   30.7355549624786109237689486294080091         0.00000000000000000000000000000000000         30.7387107225207448386910953162846674      
   20.0000000000000000000000000000000000         0.00000000000000000000000000000000000         8.90817964205924138307627478877881145         20.5557998881328296144762758578597150         0.00000000000000000000000000000000000         29.4639795301920709975525506466385265      
   21.0000000000000000000000000000000000         0.00000000000000000000000000000000000         25.7607469703361928533047402705207111         2.57607469703361928533047402705222434         0.00000000000000000000000000000000000         28.3368216673698121386352142975729350      
   22.0000000000000000000000000000000000         0.00000000000000000000000000000000000         24.7729138504711880829215153422684037         2.47729138504711880829215153422673545         0.00000000000000000000000000000000000         27.2502052355183068912136668764951384      
   23.0000000000000000000000000000000000         0.00000000000000000000000000000000000         23.8207982147135364445226397042125390         2.38207982147135364445226397042131014         0.00000000000000000000000000000000000         26.2028780361848900889749036746338484      
   24.0000000000000000000000000000000000         0.00000000000000000000000000000000000         22.9032894458978676566336247700537385         2.29032894458978676566336247700536260         0.00000000000000000000000000000000000         25.1936183904876544222969872470591018      
   25.0000000000000000000000000000000000         0.00000000000000000000000000000000000         22.0193040456490991312522322985033603         2.20193040456490991312522322985032440         0.00000000000000000000000000000000000         24.2212344502140090443774555283536843      
   26.0000000000000000000000000000000000         0.00000000000000000000000000000000000         21.1677850189315629606422347677353315         2.11677850189315629606422347677352853         0.00000000000000000000000000000000000         23.2845635208247192567064582445088601      
   27.0000000000000000000000000000000000         0.00000000000000000000000000000000000         20.3477012698574811824129453793498849         2.03477012698574811824129453793495082         0.00000000000000000000000000000000000         22.3824713968432293006542399172848361      
   28.0000000000000000000000000000000000         0.00000000000000000000000000000000000         19.5580470091177441836625374232714473         1.95580470091177441836625374232713772         0.00000000000000000000000000000000000         21.5138517100295186020287911655985847      
   29.0000000000000000000000000000000000         0.00000000000000000000000000000000000         18.7978411733308702857985008261678171         1.87978411733308702857985008261680089         0.00000000000000000000000000000000000         20.6776252906639573143783509087846176      
   30.0000000000000000000000000000000000         0.00000000000000000000000000000000000         18.0661268565449841455826976967538040         1.80661268565449841455826976967536557         0.00000000000000000000000000000000000         19.8727395421994825601409674664291705      
   31.0000000000000000000000000000000000         0.00000000000000000000000000000000000         17.3619707540724760200213953854175951         1.73619707540724760200213953854176024         0.00000000000000000000000000000000000         19.0981678294797236220235349239593540      
   32.0000000000000000000000000000000000         0.00000000000000000000000000000000000         16.6844626187874744179736161096188174         1.66844626187874744179736161096190555         0.00000000000000000000000000000000000         18.3529088806662218597709777205807241      
   33.0000000000000000000000000000000000         0.00000000000000000000000000000000000         16.0327147299721237034720214167603013         1.60327147299721237034720214167600332         0.00000000000000000000000000000000000         17.6359862029693360738192235584363031      
   34.0000000000000000000000000000000000         0.00000000000000000000000000000000000         15.4058613747586174956056073210730780         1.54058613747586174956056073210729459         0.00000000000000000000000000000000000         16.9464475122344792451661680531803724      
   35.0000000000000000000000000000000000         0.00000000000000000000000000000000000         14.8030583421796864176596393104483570         1.48030583421796864176596393104485869         0.00000000000000000000000000000000000         16.2833641763976550594256032414932154      
   36.0000000000000000000000000000000000         0.00000000000000000000000000000000000         14.2234824298104463573247751422563260         1.42234824298104463573247751422560356         0.00000000000000000000000000000000000         15.6458306727914909930572526564819292      
   37.0000000000000000000000000000000000         0.00000000000000000000000000000000000         13.6663309629588418218632363660500309         1.36663309629588418218632363660505852         0.00000000000000000000000000000000000         15.0329640592547260040495600026550896      
   38.0000000000000000000000000000000000         0.00000000000000000000000000000000000         13.1308213263400240959687998069186520         1.31308213263400240959687998069184236         0.00000000000000000000000000000000000         14.4439034589740265055656797876104938      
   39.0000000000000000000000000000000000         0.00000000000000000000000000000000000         12.6161905081515415251138690894405199         1.26161905081515415251138690894406921         0.00000000000000000000000000000000000         13.8778095589666956776252559983845885      
   40.0000000000000000000000000000000000         0.00000000000000000000000000000000000         12.1216946564508493617876991095449787         1.21216946564508493617876991095446690         0.00000000000000000000000000000000000         13.3338641220959342979664690204994448      
   41.0000000000000000000000000000000000         0.00000000000000000000000000000000000         11.6466086477240371838351243597772816         1.16466086477240371838351243597775997         0.00000000000000000000000000000000000         12.8112695124964409022186367957550411      
   42.0000000000000000000000000000000000         0.00000000000000000000000000000000000         11.1902256675245019958706303411944337         1.11902256675245019958706303411945555         0.00000000000000000000000000000000000         12.3092482342769521954576933753138893      
   43.0000000000000000000000000000000000         0.00000000000000000000000000000000000         10.7518568030522575739246353247818392         1.07518568030522575739246353247815137         0.00000000000000000000000000000000000         11.8270424833574833313170988572599908      
   44.0000000000000000000000000000000000         0.00000000000000000000000000000000000         10.3308306475383740976599049198923722         1.03308306475383740976599049198927154         0.00000000000000000000000000000000000         11.3639137122922115074258954118816439      
   45.0000000000000000000000000000000000         0.00000000000000000000000000000000000         9.92649291629441284770577294614514287        0.992649291629441284770577294614493988         0.00000000000000000000000000000000000         10.9191422079238541324763502407596374      
   46.0000000000000000000000000000000000         0.00000000000000000000000000000000000         9.53820607428340369258200233839407002        0.953820607428340369258200233839407021         0.00000000000000000000000000000000000         10.4920266817117440618402025722334766      
   47.0000000000000000000000000000000000         0.00000000000000000000000000000000000         9.16534897506667279595273416712359941        0.916534897506667279595273416712369089         0.00000000000000000000000000000000000         10.0818838725733400755480075838359678      
   48.0000000000000000000000000000000000         0.00000000000000000000000000000000000         8.80731651097944904217964053756496868        0.880731651097944904217964053756487566         0.00000000000000000000000000000000000         9.68804816207739394639760459132145692      
   49.0000000000000000000000000000000000         0.00000000000000000000000000000000000         8.46351927438746492226512459271443190        0.846351927438746492226512459271466763         0.00000000000000000000000000000000000         9.30987120182621141449163705198589943      
   50.0000000000000000000000000000000000         0.00000000000000000000000000000000000         8.13338322987654595303492245321701696        0.813338322987654595303492245321698961         0.00000000000000000000000000000000000         8.94672155286420054833841469853871650      
   51.0000000000000000000000000000000000         0.00000000000000000000000000000000000         7.81634939722729676076973380849594961        0.781634939722729676076973380849588721         0.00000000000000000000000000000000000         8.59798433695002643684670718934553833      
   52.0000000000000000000000000000000000         0.00000000000000000000000000000000000         7.51187354502730554924222997304682802        0.751187354502730554924222997304677525         0.00000000000000000000000000000000000         8.26306089953003610416645297035150574      
   53.0000000000000000000000000000000000         0.00000000000000000000000000000000000         7.21942589477368401312832270604794528        0.721942589477368401312832270604813942         0.00000000000000000000000000000000000         7.94136848425105241444115497665275884      
   54.0000000000000000000000000000000000         0.00000000000000000000000000000000000         6.93849083531913660744197835979699756        0.693849083531913660744197835979681961         0.00000000000000000000000000000000000         7.63233991885105026818617619577667991      
   55.0000000000000000000000000000000000         0.00000000000000000000000000000000000         6.66856664751502773579287766796867155        0.666856664751502773579287766796861184         0.00000000000000000000000000000000000         7.33542331226653050937216543476553292      
   56.0000000000000000000000000000000000         0.00000000000000000000000000000000000         6.40916523890501962341500888970726046        0.640916523890501962341500888970725044         0.00000000000000000000000000000000000         7.05008176279552158575650977867798550      
   57.0000000000000000000000000000000000         0.00000000000000000000000000000000000         6.15981188832273345473982387910832825        0.615981188832273345473982387910839989         0.00000000000000000000000000000000000         6.77579307715500680021380626701916785      
   58.0000000000000000000000000000000000         0.00000000000000000000000000000000000         5.92004500024650096839442580703083121        0.592004500024650096839442580703083718         0.00000000000000000000000000000000000         6.51204950027115106523386838773391464      
   59.0000000000000000000000000000000000         0.00000000000000000000000000000000000         5.68941586876359423145628986582365613        0.568941586876359423145628986582364034         0.00000000000000000000000000000000000         6.25835745563995365460191885240602036      
   60.0000000000000000000000000000000000         0.00000000000000000000000000000000000         5.46748845099532960197822121637510518        0.546748845099532960197822121637493877         0.00000000000000000000000000000000000         6.01423729609486256217604333801259867      
   61.0000000000000000000000000000000000         0.00000000000000000000000000000000000         5.25383914983312931445663140284782706        0.525383914983312931445663140284779990         0.00000000000000000000000000000000000         5.77922306481644224590229454313260676      
   62.0000000000000000000000000000000000         0.00000000000000000000000000000000000         5.04805660583399044454728513413959988        0.504805660583399044454728513413978246         0.00000000000000000000000000000000000         5.55286226641738948900201364755357774      
   63.0000000000000000000000000000000000         0.00000000000000000000000000000000000         4.84974149812186323956933985221614320        0.484974149812186323956933985221609881         0.00000000000000000000000000000000000         5.33471564793404956352627383743775313      
   64.0000000000000000000000000000000000         0.00000000000000000000000000000000000         4.65850635413919213357887845584637243        0.465850635413919213357887845584633516         0.00000000000000000000000000000000000         5.12435698955311134693676630143100590      
   65.0000000000000000000000000000000000         0.00000000000000000000000000000000000         4.47397536809034155500983420551893122        0.447397536809034155500983420551877512         0.00000000000000000000000000000000000         4.92137290489937571051081762607080840      
   66.0000000000000000000000000000000000         0.00000000000000000000000000000000000         4.29578422791583743942569319074152189        0.429578422791583743942569319074170544         0.00000000000000000000000000000000000         4.72536265070742118336826250981569234      
   67.0000000000000000000000000000000000         0.00000000000000000000000000000000000         4.12357995063333004864184030492605969        0.412357995063333004864184030492600808         0.00000000000000000000000000000000000         4.53593794569666305350602433541866050      
   68.0000000000000000000000000000000000         0.00000000000000000000000000000000000         3.95702072587795262506404848371150777        0.395702072587795262506404848371145231         0.00000000000000000000000000000000000         4.35272279846574788757045333208265281      
   69.0000000000000000000000000000000000         0.00000000000000000000000000000000000         3.79577576747134366245481256041291225        0.379577576747134366245481256041291321         0.00000000000000000000000000000000000         4.17535334421847802870029381645420386      
   70.0000000000000000000000000000000000         0.00000000000000000000000000000000000         3.63952517284504928461404457960696083        0.363952517284504928461404457960691672         0.00000000000000000000000000000000000         4.00347769012955421307544903756765240      
   71.0000000000000000000000000000000000         0.00000000000000000000000000000000000         3.48795979014035795834579348557708142        0.348795979014035795834579348557711984         0.00000000000000000000000000000000000         3.83675576915439375418037283413479326      
   72.0000000000000000000000000000000000         0.00000000000000000000000000000000000         3.34078109280287398245080764935580488        0.334078109280287398245080764935576280         0.00000000000000000000000000000000000         3.67485920208316138069588841429138121      
   73.0000000000000000000000000000000000         0.00000000000000000000000000000000000         3.19770106148633975840223232900533309        0.319770106148633975840223232900529987         0.00000000000000000000000000000000000         3.51747116763497373424245556190586293      
   74.0000000000000000000000000000000000         0.00000000000000000000000000000000000         3.05844207307639962913221391794143557        0.305844207307639962913221391794140562         0.00000000000000000000000000000000000         3.36428628038403959204543530973557608      
   75.0000000000000000000000000000000000         0.00000000000000000000000000000000000         2.92273679664118858869700469925971875        0.292273679664118858869700469925975063         0.00000000000000000000000000000000000         3.21501047630530744756670516918569386      
   76.0000000000000000000000000000000000         0.00000000000000000000000000000000000         2.79032809611185429565427675772864652        0.279032809611185429565427675772861830         0.00000000000000000000000000000000000         3.06936090572303972521970443350150839      
   77.0000000000000000000000000000000000         0.00000000000000000000000000000000000         2.66096893949240556867671644114229606        0.266096893949240556867671644114231570         0.00000000000000000000000000000000000         2.92706583344164612554438808525652763      
   78.0000000000000000000000000000000000         0.00000000000000000000000000000000000         2.53442231439464784565025813825839493        0.253442231439464784565025813825835169         0.00000000000000000000000000000000000         2.78786454583411263021528395208422995      
   79.0000000000000000000000000000000000         0.00000000000000000000000000000000000         2.41046114969043669147371164029461198        0.241046114969043669147371164029469369         0.00000000000000000000000000000000000         2.65150726465948036062108280432408123      
   80.0000000000000000000000000000000000         0.00000000000000000000000000000000000         2.28886824307007279876804305178310784        0.228886824307007279876804305178305440         0.00000000000000000000000000000000000         2.51775506737708007864484735696141324      
   81.0000000000000000000000000000000000         0.00000000000000000000000000000000000         2.16943619429239214924549414616511808        0.216943619429239214924549414616507855         0.00000000000000000000000000000000000         2.38637981372163136417004356078162577      
   82.0000000000000000000000000000000000         0.00000000000000000000000000000000000         2.05196734390898683839858599157020793        0.205196734390898683839858599157016233         0.00000000000000000000000000000000000         2.25716407829988552223844459072722433      
   83.0000000000000000000000000000000000         0.00000000000000000000000000000000000         1.93627371724203690947244790066874548        0.193627371724203690947244790066879190         0.00000000000000000000000000000000000         2.12990108896624060041969269073562477      
   84.0000000000000000000000000000000000         0.00000000000000000000000000000000000         1.82217697339245048202075729580589732        0.182217697339245048202075729580588407         0.00000000000000000000000000000000000         2.00439467073169553022283302538648580      
   85.0000000000000000000000000000000000         0.00000000000000000000000000000000000         1.70950835905240533810662170796517151        0.170950835905240533810662170796517762         0.00000000000000000000000000000000000         1.88045919495764587191728387876168930      
   86.0000000000000000000000000000000000         0.00000000000000000000000000000000000         1.59810866689396462680018611704236881        0.159810866689396462680018611704234859         0.00000000000000000000000000000000000         1.75791953358336108948020472874660358      
   87.0000000000000000000000000000000000         0.00000000000000000000000000000000000         1.48782819830320508642711582560156989        0.148782819830320508642711582560157427         0.00000000000000000000000000000000000         1.63661101813352559506982740816172734      
   88.0000000000000000000000000000000000         0.00000000000000000000000000000000000         1.37852673022724883982168963335621819        0.137852673022724883982168963335619855         0.00000000000000000000000000000000000         1.51637940324997372380385859669183815      
   89.0000000000000000000000000000000000         0.00000000000000000000000000000000000         1.27007348589972824567781485838154014        0.127007348589972824567781485838155555         0.00000000000000000000000000000000000         1.39708083448970107024559634421969570      
   90.0000000000000000000000000000000000         0.00000000000000000000000000000000000         1.16234710920853465573282574176520447        0.116234710920853465573282574176521347         0.00000000000000000000000000000000000         1.27858182012938812130610831594172584      
   91.0000000000000000000000000000000000         0.00000000000000000000000000000000000         1.05523564246820184890648914605881733        0.105523564246820184890648914605880652         0.00000000000000000000000000000000000         1.16075920671502203379713806066469804      
   92.0000000000000000000000000000000000         0.00000000000000000000000000000000000        0.948636507357947594853443006558144538         9.48636507357947594853443006558161414E-0002   0.00000000000000000000000000000000000         1.04350015809374235433878730721396067      
   93.0000000000000000000000000000000000         0.00000000000000000000000000000000000        0.842456488785235175650685247094888545         8.42456488785235175650685247094883899E-0002   0.00000000000000000000000000000000000        0.926702137663758693215753771804376899      
   94.0000000000000000000000000000000000         0.00000000000000000000000000000000000        0.736611721433712569294771419237143960         7.36611721433712569294771419237135751E-0002   0.00000000000000000000000000000000000        0.810272893577083826224248561160857547      
   95.0000000000000000000000000000000000         0.00000000000000000000000000000000000        0.631027678753531180616083682859640367         6.31027678753531180616083682859641570E-0002   0.00000000000000000000000000000000000        0.694130446628884298677692051145604499      
   96.0000000000000000000000000000000000         0.00000000000000000000000000000000000        0.525639164151328437888100535002323176         5.25639164151328437888100535002327461E-0002   0.00000000000000000000000000000000000        0.578203080566461281676910588502555898      
   97.0000000000000000000000000000000000         0.00000000000000000000000000000000000        0.420390304136568460828710830417825730         4.20390304136568460828710830417810720E-0002   0.00000000000000000000000000000000000        0.462429334550225306911581913459606820      
   98.0000000000000000000000000000000000         0.00000000000000000000000000000000000        0.315234543180460929582915210702773402         3.15234543180460929582915210702778205E-0002   0.00000000000000000000000000000000000        0.346757997498507022541206731773051229      
   99.0000000000000000000000000000000000         0.00000000000000000000000000000000000        0.210134640043308313225058857318494633         2.10134640043308313225058857318494145E-0002   0.00000000000000000000000000000000000        0.231148104047639144547564743050344038      
   100.000000000000000000000000000000000         0.00000000000000000000000000000000000        0.105062665325853405761171680899463320         1.05062665325853405761171680899463519E-0002   0.00000000000000000000000000000000000        0.115568931858438746337288848989409675      
   101.000000000000000000000000000000000         0.00000000000000000000000000000000000         0.00000000000000000000000000000000000         0.00000000000000000000000000000000000         0.00000000000000000000000000000000000         0.00000000000000000000000000000000000      
