   0.00000000000000000000000000000000000         0.00000000000000000000000000000000000         3.15576004213391492214668687665835023E-0003   52.6690568325186648702606641110631354         0.00000000000000000000000000000000000         52.6722125925607987851828107979397938      
   1.00000000000000000000000000000000000         0.00000000000000000000000000000000000         3.15576004213391492214668687665835023E-0003   47.2905421809531363356140819555189009         0.00000000000000000000000000000000000         47.2936979409952702505362286423955593      
   2.00000000000000000000000000000000000         0.00000000000000000000000000000000000         3.15576004213391492214668687665835023E-0003   42.4856241044513533226500953033078764         0.00000000000000000000000000000000000         42.4887798644934872375722419901845347      
   3.00000000000000000000000000000000000         0.00000000000000000000000000000000000         3.15576004213391492214668687665835023E-0003   38.2056754830960254709286160249776192         0.00000000000000000000000000000000000         38.2088312431381593858507627118542776      
   4.00000000000000000000000000000000000         0.00000000000000000000000000000000000         3.15576004213391492214668687665835023E-0003   34.4048664174989152943018225971685105         0.00000000000000000000000000000000000         34.4080221775410492092239692840451689      
   5.00000000000000000000000000000000000         0.00000000000000000000000000000000000         3.15576004213391492214668687665835023E-0003   31.0401840853475017273098656997908845         0.00000000000000000000000000000000000         31.0433398453896356422320123866675429      
   6.00000000000000000000000000000000000         0.00000000000000000000000000000000000         3.15576004213391492214668687665835023E-0003   28.0714328963795164959274282670967040         0.00000000000000000000000000000000000         28.0745886564216504108495749539733623      
   7.00000000000000000000000000000000000         0.00000000000000000000000000000000000         3.15576004213391492214668687665835023E-0003   25.4612014025859190765517616268279954         0.00000000000000000000000000000000000         25.4643571626280529914739083137046538      
   8.00000000000000000000000000000000000         0.00000000000000000000000000000000000         3.15576004213391492214668687665835023E-0003   23.1747881874797023073108119842996618         0.00000000000000000000000000000000000         23.1779439475218362222329586711763202      
   9.00000000000000000000000000000000000         0.00000000000000000000000000000000000         3.15576004213391492214668687665835023E-0003   21.1800844244096151200664143210170210         0.00000000000000000000000000000000000         21.1832401844517490349885610078936794      
   10.0000000000000000000000000000000000         0.00000000000000000000000000000000000         3.15576004213391492214668687665835023E-0003   19.4474153278657354301451727091502747         0.00000000000000000000000000000000000         19.4505710879078693450673193960269331      
   11.0000000000000000000000000000000000         0.00000000000000000000000000000000000         3.15576004213391492214668687665835023E-0003   17.9493459920564434935433827876260471         0.00000000000000000000000000000000000         17.9525017520985774084655294745027054      
   12.0000000000000000000000000000000000         0.00000000000000000000000000000000000         3.15576004213391492214668687665835023E-0003   16.6604590389630296439361096260296553         0.00000000000000000000000000000000000         16.6636147990051635588582563129063137      
   13.0000000000000000000000000000000000         0.00000000000000000000000000000000000         3.15576004213391492214668687665835023E-0003   15.5571121924249729780098560696748631         0.00000000000000000000000000000000000         15.5602679524671068929320027565515214      
   14.0000000000000000000000000000000000         0.00000000000000000000000000000000000         7.72511294604364007600419207428259057         6.89522639644350456744469608106678202         0.00000000000000000000000000000000000         14.6203393424871446434488881553493734      
   15.0000000000000000000000000000000000         0.00000000000000000000000000000000000         12.5663339144238686735269606536605999         1.25663339144238686735269606536606130         0.00000000000000000000000000000000000         13.8229673058662555408796567190266616      
   16.0000000000000000000000000000000000         0.00000000000000000000000000000000000         11.8774167498519028976169323031737881         1.18774167498519028976169323031736664         0.00000000000000000000000000000000000         13.0651584248370931873786255334911548      
   17.0000000000000000000000000000000000         0.00000000000000000000000000000000000         11.2228859986674408403574314305270001         1.12228859986674408403574314305270024         0.00000000000000000000000000000000000         12.3451745985341849243931745735797007      
   18.0000000000000000000000000000000000         0.00000000000000000000000000000000000         10.6012210636103182255775738548963337         1.06012210636103182255775738548962683         0.00000000000000000000000000000000000         11.6613431699713500481353312403859602      
   19.0000000000000000000000000000000000         0.00000000000000000000000000000000000         10.0109589936606049443404135969372095         1.00109589936606049443404135969372203         0.00000000000000000000000000000000000         11.0120548930266654387744549566309308      
   20.0000000000000000000000000000000000         0.00000000000000000000000000000000000         9.45069268060313781678379023267032956        0.945069268060313781678379023267028468         0.00000000000000000000000000000000000         10.3957619486634515984621692559373577      
   21.0000000000000000000000000000000000         0.00000000000000000000000000000000000         8.91906910144292794758694886293634456        0.891906910144292794758694886293635727         0.00000000000000000000000000000000000         9.81097601158722074234564374922998086      
   22.0000000000000000000000000000000000         0.00000000000000000000000000000000000         8.41478760707141478069254754952319630        0.841478760707141478069254754952317261         0.00000000000000000000000000000000000         9.25626636777855625876180230447551423      
   23.0000000000000000000000000000000000         0.00000000000000000000000000000000000         7.93659825700971251209629190313405119        0.793659825700971251209629190313412341         0.00000000000000000000000000000000000         8.73025808271068376330592109344746286      
   24.0000000000000000000000000000000000         0.00000000000000000000000000000000000         7.48330019959117112073711992028324058        0.748330019959117112073711992028330433         0.00000000000000000000000000000000000         8.23163021955028823281083191231157111      
   25.0000000000000000000000000000000000         0.00000000000000000000000000000000000         7.05374009658325214433094886718990370        0.705374009658325214433094886718985132         0.00000000000000000000000000000000000         7.75911410624157735876404375390888922      
   26.0000000000000000000000000000000000         0.00000000000000000000000000000000000         6.64681059097840632369440745200493742        0.664681059097840632369440745200473539         0.00000000000000000000000000000000000         7.31149165007624695606384819720541106      
   27.0000000000000000000000000000000000         0.00000000000000000000000000000000000         6.26144881649525926606763977600638523        0.626144881649525926606763977600647786         0.00000000000000000000000000000000000         6.88759369814478519267440375360703292      
   28.0000000000000000000000000000000000         0.00000000000000000000000000000000000         5.89663494721465172454152702999775874        0.589663494721465172454152702999782402         0.00000000000000000000000000000000000         6.48629844193611689699567973299754085      
   29.0000000000000000000000000000000000         0.00000000000000000000000000000000000         5.55139078571969599541809511381301190        0.555139078571969599541809511381296356         0.00000000000000000000000000000000000         6.10652986429166559495990462519430816      
   30.0000000000000000000000000000000000         0.00000000000000000000000000000000000         5.22477838810506013266996474649059385        0.522477838810506013266996474649047463         0.00000000000000000000000000000000000         5.74725622691556614593696122113964121      
   31.0000000000000000000000000000000000         0.00000000000000000000000000000000000         4.91589872425873951600720005781427356        0.491589872425873951600720005781429109         0.00000000000000000000000000000000000         5.40748859668461346760792006359570238      
   32.0000000000000000000000000000000000         0.00000000000000000000000000000000000         4.62389037189083150800545140915933099        0.462389037189083150800545140915941987         0.00000000000000000000000000000000000         5.08627940907991465880599655007527264      
   33.0000000000000000000000000000000000         0.00000000000000000000000000000000000         4.34792824288025687679450347155603814        0.434792824288025687679450347155598806         0.00000000000000000000000000000000000         4.78272106716828256447395381871163656      
   34.0000000000000000000000000000000000         0.00000000000000000000000000000000000         4.08722234062475381922068889088767147        0.408722234062475381922068889088765240         0.00000000000000000000000000000000000         4.49594457468722920114275777997643661      
   35.0000000000000000000000000000000000         0.00000000000000000000000000000000000         3.84101654720544190608727071721345130        0.384101654720544190608727071721351332         0.00000000000000000000000000000000000         4.22511820192598609669599778893480225      
   36.0000000000000000000000000000000000         0.00000000000000000000000000000000000         3.60858743930930746961941139951870113        0.360858743930930746961941139951865779         0.00000000000000000000000000000000000         3.96944618324023821658135253947056700      
   37.0000000000000000000000000000000000         0.00000000000000000000000000000000000         3.38924313198643312680787519137661154        0.338924313198643312680787519137661356         0.00000000000000000000000000000000000         3.72816744518507643948866271051427285      
   38.0000000000000000000000000000000000         0.00000000000000000000000000000000000         3.18232214944982163384300727895664585        0.318232214944982163384300727895666550         0.00000000000000000000000000000000000         3.50055436439480379722730800685231240      
   39.0000000000000000000000000000000000         0.00000000000000000000000000000000000         2.98719232225114265509317412882862914        0.298719232225114265509317412882862615         0.00000000000000000000000000000000000         3.28591155447625692060249154171149190      
   40.0000000000000000000000000000000000         0.00000000000000000000000000000000000         2.80324971028324999462936665925883072        0.280324971028324999462936665925878604         0.00000000000000000000000000000000000         3.08357468131157499409230332518470913      
   41.0000000000000000000000000000000000         0.00000000000000000000000000000000000         2.62991755116809440249469112109251728        0.262991755116809440249469112109260038         0.00000000000000000000000000000000000         2.89290930628490384274416023320177736      
   42.0000000000000000000000000000000000         0.00000000000000000000000000000000000         2.46664523368546907967506892977825357        0.246664523368546907967506892977820836         0.00000000000000000000000000000000000         2.71330975705401598764257582275607438      
   43.0000000000000000000000000000000000         0.00000000000000000000000000000000000         2.31290729598313346879474640020215334        0.231290729598313346879474640020213736         0.00000000000000000000000000000000000         2.54419802558144681567422104022236698      
   44.0000000000000000000000000000000000         0.00000000000000000000000000000000000         2.16820244838194326956215893590253317        0.216820244838194326956215893590255199         0.00000000000000000000000000000000000         2.38502269322013759651837482949278829      
   45.0000000000000000000000000000000000         0.00000000000000000000000000000000000         2.03205262065069563917908838076708248        0.203205262065069563917908838076709938         0.00000000000000000000000000000000000         2.23525788271576520309699721884379235      
   46.0000000000000000000000000000000000         0.00000000000000000000000000000000000         1.90400203367478618403158263473368620        0.190400203367478618403158263473367055         0.00000000000000000000000000000000000         2.09440223704226480243474089820705318      
   47.0000000000000000000000000000000000         0.00000000000000000000000000000000000         1.78361629548100044849626531852878729        0.178361629548100044849626531852878377         0.00000000000000000000000000000000000         1.96197792502910049334589185038166559      
   48.0000000000000000000000000000000000         0.00000000000000000000000000000000000         1.67048152160852905063557008910034397        0.167048152160852905063557008910036852         0.00000000000000000000000000000000000         1.83752967376938195569912709801038077      
   49.0000000000000000000000000000000000         0.00000000000000000000000000000000000         1.56420347983442639678615815655308176        0.156420347983442639678615815655308586         0.00000000000000000000000000000000000         1.72062382781786903646477397220839032      
   50.0000000000000000000000000000000000         0.00000000000000000000000000000000000         1.46440675927113214533398796275980058        0.146440675927113214533398796275979620         0.00000000000000000000000000000000000         1.61084743519824535986738675903578018      
   51.0000000000000000000000000000000000         0.00000000000000000000000000000000000         1.37073396385529047063389658441745418        0.137073396385529047063389658441742760         0.00000000000000000000000000000000000         1.50780736024081951769728624285919684      
   52.0000000000000000000000000000000000         0.00000000000000000000000000000000000         1.28284493024189661796648645472961469        0.128284493024189661796648645472959601         0.00000000000000000000000000000000000         1.41112942326608627976313510020257439      
   53.0000000000000000000000000000000000         0.00000000000000000000000000000000000         1.20041597010672394628531591809294882        0.120041597010672394628531591809297896         0.00000000000000000000000000000000000         1.32045756711739634091384750990224667      
   54.0000000000000000000000000000000000         0.00000000000000000000000000000000000         1.12313913684395717727498512487110764        0.112313913684395717727498512487110244         0.00000000000000000000000000000000000         1.23545305052835289500248363735821779      
   55.0000000000000000000000000000000000         0.00000000000000000000000000000000000         1.05072151662585189052981219054320168        0.105072151662585189052981219054319999         0.00000000000000000000000000000000000         1.15579366828843707958279340959752175      
   56.0000000000000000000000000000000000         0.00000000000000000000000000000000000        0.982884543767871480952743868603032348         9.82884543767871480952743868603043543E-0002   0.00000000000000000000000000000000000         1.08117299814465862904801825546333669      
   57.0000000000000000000000000000000000         0.00000000000000000000000000000000000        0.919363340316870139183819014688982315         9.19363340316870139183819014688976465E-0002   0.00000000000000000000000000000000000         1.01129967434855715310220091615788005      
   58.0000000000000000000000000000000000         0.00000000000000000000000000000000000        0.859906079752172739103324437196647066         8.59906079752172739103324437196653614E-0002   0.00000000000000000000000000000000000        0.945896687727390013013656880916312379      
   59.0000000000000000000000000000000000         0.00000000000000000000000000000000000        0.804273374660455938961332655409763712         8.04273374660455938961332655409766528E-0002   0.00000000000000000000000000000000000        0.884700712126501532857465920950740352      
   60.0000000000000000000000000000000000         0.00000000000000000000000000000000000        0.752237688215692694888528141003888405         7.52237688215692694888528141003872684E-0002   0.00000000000000000000000000000000000        0.827461457037261964377380955104275685      
   61.0000000000000000000000000000000000         0.00000000000000000000000000000000000        0.703582769265547015835674123710483254         7.03582769265547015835674123710495893E-0002   0.00000000000000000000000000000000000        0.773941046192101717419241536081532831      
   62.0000000000000000000000000000000000         0.00000000000000000000000000000000000        0.658103110795891304159957903863824250         6.58103110795891304159957903863825285E-0002   0.00000000000000000000000000000000000        0.723913421875480434575953694250206791      
   63.0000000000000000000000000000000000         0.00000000000000000000000000000000000        0.615603431515895027993178891581850974         6.15603431515895027993178891581848988E-0002   0.00000000000000000000000000000000000        0.677163774667484530792496780740035879      
   64.0000000000000000000000000000000000         0.00000000000000000000000000000000000        0.575898180277671296137293446634814418         5.75898180277671296137293446634811806E-0002   0.00000000000000000000000000000000000        0.633487998305438425751022791298295580      
   65.0000000000000000000000000000000000         0.00000000000000000000000000000000000        0.538811063016983352317371554571012237         5.38811063016983352317371554571001729E-0002   0.00000000000000000000000000000000000        0.592692169318681687549108710028112440      
   66.0000000000000000000000000000000000         0.00000000000000000000000000000000000        0.504174591875173300418624713198854541         5.04174591875173300418624713198865796E-0002   0.00000000000000000000000000000000000        0.554592051062690630460487184518741103      
   67.0000000000000000000000000000000000         0.00000000000000000000000000000000000        0.471829656137404198411169577591485475         4.71829656137404198411169577591485656E-0002   0.00000000000000000000000000000000000        0.519012621751144618252286535350634071      
   68.0000000000000000000000000000000000         0.00000000000000000000000000000000000        0.441625114598589500664973819087591721         4.41625114598589500664973819087589013E-0002   0.00000000000000000000000000000000000        0.485787626058448450731471200996350628      
   69.0000000000000000000000000000000000         0.00000000000000000000000000000000000        0.413417408946073129142145551488275249         4.13417408946073129142145551488268520E-0002   0.00000000000000000000000000000000000        0.454759149840680442056360106637102095      
   70.0000000000000000000000000000000000         0.00000000000000000000000000000000000        0.387070197727243497108880199903882513         3.87070197727243497108880199903889928E-0002   0.00000000000000000000000000000000000        0.425777217499967846819768219894271530      
   71.0000000000000000000000000000000000         0.00000000000000000000000000000000000        0.362454010450816268492397611424831790         3.62454010450816268492397611424828456E-0002   0.00000000000000000000000000000000000        0.398699411495897895341637372567314642      
   72.0000000000000000000000000000000000         0.00000000000000000000000000000000000        0.339445921352484754174299510292355231         3.39445921352484754174299510292352523E-0002   0.00000000000000000000000000000000000        0.373390513487733229591729461321590465      
   73.0000000000000000000000000000000000         0.00000000000000000000000000000000000        0.317929242338979218848719707920536531         3.17929242338979218848719707920538541E-0002   0.00000000000000000000000000000000000        0.349722166572877140733591678712590367      
   74.0000000000000000000000000000000000         0.00000000000000000000000000000000000        0.297793234609250331042451290901206329         2.97793234609250331042451290901203362E-0002   0.00000000000000000000000000000000000        0.327572558070175364146696419991326668      
   75.0000000000000000000000000000000000         0.00000000000000000000000000000000000        0.278932838437441590537038296811557505         2.78932838437441590537038296811557547E-0002   0.00000000000000000000000000000000000        0.306826122281185749590742126492713250      
   76.0000000000000000000000000000000000         0.00000000000000000000000000000000000        0.261248420589478193173552304298400883         2.61248420589478193173552304298403236E-0002   0.00000000000000000000000000000000000        0.287373262648426012490907534728241222      
   77.0000000000000000000000000000000000         0.00000000000000000000000000000000000        0.244645538833408385650600437553192651         2.44645538833408385650600437553189178E-0002   0.00000000000000000000000000000000000        0.269110092716749224215660481308511548      
   78.0000000000000000000000000000000000         0.00000000000000000000000000000000000        0.229034722993018320433346957885734174         2.29034722993018320433346957885733518E-0002   0.00000000000000000000000000000000000        0.251938195292320152476681653674307505      
   79.0000000000000000000000000000000000         0.00000000000000000000000000000000000        0.214331271984632174855516244864958135         2.14331271984632174855516244864957883E-0002   0.00000000000000000000000000000000000        0.235764399183095392341067869351453918      
   80.0000000000000000000000000000000000         0.00000000000000000000000000000000000        0.200455066268335605490360423691290612         2.00455066268335605490360423691291587E-0002   0.00000000000000000000000000000000000        0.220500572895169166039396466060419777      
   81.0000000000000000000000000000000000         0.00000000000000000000000000000000000        0.187330395137053583950454194606745637         1.87330395137053583950454194606747418E-0002   0.00000000000000000000000000000000000        0.206063434650758942345499614067420378      
   82.0000000000000000000000000000000000         0.00000000000000000000000000000000000        0.174885798259906581447935228311739866         1.74885798259906581447935228311737483E-0002   0.00000000000000000000000000000000000        0.192374378085897239592728751142913627      
   83.0000000000000000000000000000000000         0.00000000000000000000000000000000000        0.163053920889997981039526650261251108         1.63053920889997981039526650261251421E-0002   0.00000000000000000000000000000000000        0.179359312978997779143479315287376250      
   84.0000000000000000000000000000000000         0.00000000000000000000000000000000000        0.151771382141189738135421249372460894         1.51771382141189738135421249372462525E-0002   0.00000000000000000000000000000000000        0.166948520355308711948963374309707137      
   85.0000000000000000000000000000000000         0.00000000000000000000000000000000000        0.140978655733445396000040663693800405         1.40978655733445396000040663693799514E-0002   0.00000000000000000000000000000000000        0.155076521306789935600044730063180356      
   86.0000000000000000000000000000000000         0.00000000000000000000000000000000000        0.130619962601905935860071951215683460         1.30619962601905935860071951215684110E-0002   0.00000000000000000000000000000000000        0.143681958862096529446079146337251859      
   87.0000000000000000000000000000000000         0.00000000000000000000000000000000000        0.120643174760964618486523297355725837         1.20643174760964618486523297355724660E-0002   0.00000000000000000000000000000000000        0.132707492237061080335175627091298313      
   88.0000000000000000000000000000000000         0.00000000000000000000000000000000000        0.110999729811175609819445956091891468         1.10999729811175609819445956091890932E-0002   0.00000000000000000000000000000000000        0.122099702792293170801390551701080558      
   89.0000000000000000000000000000000000         0.00000000000000000000000000000000000        0.101644555473824959441564448273185014         1.01644555473824959441564448273185011E-0002   0.00000000000000000000000000000000000        0.111809011021207455385720893100503511      
   90.0000000000000000000000000000000000         0.00000000000000000000000000000000000         9.25360035353719645674061602558446138E-0002   9.25360035353719645674061602558445084E-0003   0.00000000000000000000000000000000000        0.101789603888909161024146776281429063      
   91.0000000000000000000000000000000000         0.00000000000000000000000000000000000         8.36357925816978114364815453053596435E-0002   8.36357925816978114364815453053594359E-0003   0.00000000000000000000000000000000000         9.19993718398675925801296998358955886E-0002
   92.0000000000000000000000000000000000         0.00000000000000000000000000000000000         7.49089589001432747526091538300495294E-0002   7.49089589001432747526091538300497686E-0003   0.00000000000000000000000000000000000         8.23998547901576022278700692130545040E-0002
   93.0000000000000000000000000000000000         0.00000000000000000000000000000000000         6.63238149256474805346396143345622142E-0002   6.63238149256474805346396143345621314E-0003   0.00000000000000000000000000000000000         7.29561964182122285881035757680184236E-0002
   94.0000000000000000000000000000000000         0.00000000000000000000000000000000000         5.78519146058870115571187210985397852E-0002   5.78519146058870115571187210985394362E-0003   0.00000000000000000000000000000000000         6.36371060664757127128305932083937318E-0002
   95.0000000000000000000000000000000000         0.00000000000000000000000000000000000         4.94680250591328075143902785208291017E-0002   4.94680250591328075143902785208289347E-0003   0.00000000000000000000000000000000000         5.44148275650460882658293063729119974E-0002
   96.0000000000000000000000000000000000         0.00000000000000000000000000000000000         4.11501038975671033367041165982513583E-0002   4.11501038975671033367041165982518036E-0003   0.00000000000000000000000000000000000         4.52651142873238136703745282580765386E-0002
   97.0000000000000000000000000000000000         0.00000000000000000000000000000000000         3.28792815880113863913533171759836815E-0002   3.28792815880113863913533171759840246E-0003   0.00000000000000000000000000000000000         3.61672097468125250304886488935820840E-0002
   98.0000000000000000000000000000000000         0.00000000000000000000000000000000000         2.46398482213877234578550077105205192E-0002   2.46398482213877234578550077105205914E-0003   0.00000000000000000000000000000000000         2.71038330435264958036405084815725798E-0002
   99.0000000000000000000000000000000000         0.00000000000000000000000000000000000         1.64192440617496229781122776761270977E-0002   1.64192440617496229781122776761270541E-0003   0.00000000000000000000000000000000000         1.80611684679245852759235054437398024E-0002
   100.000000000000000000000000000000000         0.00000000000000000000000000000000000         8.20805324535557684252445977452085728E-0003   8.20805324535557684252445977452086010E-0004   0.00000000000000000000000000000000000         9.02885856989113452677690575197294376E-0003
   101.000000000000000000000000000000000         0.00000000000000000000000000000000000         0.00000000000000000000000000000000000         0.00000000000000000000000000000000000         0.00000000000000000000000000000000000         0.00000000000000000000000000000000000      
