   0.00000000000000000000000000000000000         0.00000000000000000000000000000000000         3.15576004213391492214668687665835023E-0003   80.1620977684018618174909832887142100         0.00000000000000000000000000000000000         80.1652535284439957324131299755908684      
   1.00000000000000000000000000000000000         0.00000000000000000000000000000000000         3.15576004213391492214668687665835023E-0003   73.4353850051815358937409835289678494         0.00000000000000000000000000000000000         73.4385407652236698086631302158445078      
   2.00000000000000000000000000000000000         0.00000000000000000000000000000000000         3.15576004213391492214668687665835023E-0003   67.2914711196432124976401693202020794         0.00000000000000000000000000000000000         67.2946268796853464125623160070787378      
   3.00000000000000000000000000000000000         0.00000000000000000000000000000000000         3.15576004213391492214668687665835023E-0003   61.6902593222397551447479464870368669         0.00000000000000000000000000000000000         61.6934150822818890596700931739135252      
   4.00000000000000000000000000000000000         0.00000000000000000000000000000000000         3.15576004213391492214668687665835023E-0003   56.5937418632867200834820286724634694         0.00000000000000000000000000000000000         56.5968976233288539984041753593401278      
   5.00000000000000000000000000000000000         0.00000000000000000000000000000000000         3.15576004213391492214668687665835023E-0003   51.9659698335590051258326354854493049         0.00000000000000000000000000000000000         51.9691255936011390407547821723259633      
   6.00000000000000000000000000000000000         0.00000000000000000000000000000000000         3.15576004213391492214668687665835023E-0003   47.7730086183892891405957240628968488         0.00000000000000000000000000000000000         47.7761643784314230555178707497735072      
   7.00000000000000000000000000000000000         0.00000000000000000000000000000000000         3.15576004213391492214668687665835023E-0003   43.9828797038079762472951129503750763         0.00000000000000000000000000000000000         43.9860354638501101622172596372517347      
   8.00000000000000000000000000000000000         0.00000000000000000000000000000000000         3.15576004213391492214668687665835023E-0003   40.5654897213564682520199809613424707         0.00000000000000000000000000000000000         40.5686454813986021669421276482191290      
   9.00000000000000000000000000000000000         0.00000000000000000000000000000000000         3.15576004213391492214668687665835023E-0003   37.4925478016248843407101084858235738         0.00000000000000000000000000000000000         37.4957035616670182556322551727002321      
   10.0000000000000000000000000000000000         0.00000000000000000000000000000000000         3.15576004213391492214668687665835023E-0003   34.7374724624533528216700907343365917         0.00000000000000000000000000000000000         34.7406282224954867365922374212132500      
   11.0000000000000000000000000000000000         0.00000000000000000000000000000000000         3.15576004213391492214668687665835023E-0003   32.2752893707547285339972070737426729         0.00000000000000000000000000000000000         32.2784451307968624489193537606193313      
   12.0000000000000000000000000000000000         0.00000000000000000000000000000000000         3.15576004213391492214668687665835023E-0003   30.0825213788035973919434747403946085         0.00000000000000000000000000000000000         30.0856771388457313068656214272712669      
   13.0000000000000000000000000000000000         0.00000000000000000000000000000000000         3.15576004213391492214668687665835023E-0003   28.1370722444498145866145537579526196         0.00000000000000000000000000000000000         28.1402280044919485015367004448292780      
   14.0000000000000000000000000000000000         0.00000000000000000000000000000000000         3.15576004213391492214668687665835023E-0003   26.4181054027797841988308260410255271         0.00000000000000000000000000000000000         26.4212611628219181137529727279021855      
   15.0000000000000000000000000000000000         0.00000000000000000000000000000000000         3.15576004213391492214668687665835023E-0003   24.9059190704886697238951978795420013         0.00000000000000000000000000000000000         24.9090748305308036388173445664186596      
   16.0000000000000000000000000000000000         0.00000000000000000000000000000000000         3.15576004213391492214668687665835023E-0003   23.5818188420249400728250691973671278         0.00000000000000000000000000000000000         23.5849746020670739877472158842437861      
   17.0000000000000000000000000000000000         0.00000000000000000000000000000000000         3.67645352536774495922652164833210947         18.7546910224397920481898673995029367         0.00000000000000000000000000000000000         22.4311445478075370074163890478350469      
   18.0000000000000000000000000000000000         0.00000000000000000000000000000000000         19.4822887803754714803076458919847892         1.94822887803754714803076458919843898         0.00000000000000000000000000000000000         21.4305176584130186283384104811832284      
   19.0000000000000000000000000000000000         0.00000000000000000000000000000000000         18.6097565294908822999972333149105068         1.86097565294908822999972333149103431         0.00000000000000000000000000000000000         20.4707321824399705299969566464015405      
   20.0000000000000000000000000000000000         0.00000000000000000000000000000000000         17.7730340526698093012896856227714998         1.77730340526698093012896856227713627         0.00000000000000000000000000000000000         19.5503374579367902314186541850486369      
   21.0000000000000000000000000000000000         0.00000000000000000000000000000000000         16.9708421277154240322978413810048120         1.69708421277154240322978413810055935         0.00000000000000000000000000000000000         18.6679263404869664355276255191053727      
   22.0000000000000000000000000000000000         0.00000000000000000000000000000000000         16.2019401379890061349321468730871582         1.62019401379890061349321468730867349         0.00000000000000000000000000000000000         17.8221341517879067484253615603958331      
   23.0000000000000000000000000000000000         0.00000000000000000000000000000000000         15.4651251250080952336573905766730056         1.54651251250080952336573905766733319         0.00000000000000000000000000000000000         17.0116376375089047570231296343403375      
   24.0000000000000000000000000000000000         0.00000000000000000000000000000000000         14.7592308504350317373876217143753716         1.47592308504350317373876217143751759         0.00000000000000000000000000000000000         16.2351539354785349111263838858128892      
   25.0000000000000000000000000000000000         0.00000000000000000000000000000000000         14.0831268683174952356097129447202347         1.40831268683174952356097129447203187         0.00000000000000000000000000000000000         15.4914395551492447591706842391922670      
   26.0000000000000000000000000000000000         0.00000000000000000000000000000000000         13.4357176083560906551312015942945140         1.34357176083560906551312015942943896         0.00000000000000000000000000000000000         14.7792893691916997206443217537239536      
   27.0000000000000000000000000000000000         0.00000000000000000000000000000000000         12.8159414708940185913733746336668954         1.28159414708940185913733746336667895         0.00000000000000000000000000000000000         14.0975356179834204505107120970335749      
   28.0000000000000000000000000000000000         0.00000000000000000000000000000000000         12.2227699342502359566803928616106522         1.22227699342502359566803928616106160         0.00000000000000000000000000000000000         13.4450469276752595523484321477717135      
   29.0000000000000000000000000000000000         0.00000000000000000000000000000000000         11.6552066749500491613844916567644117         1.16552066749500491613844916567645874         0.00000000000000000000000000000000000         12.8207273424450540775229408224408705      
   30.0000000000000000000000000000000000         0.00000000000000000000000000000000000         11.1122867013455208665727546919760906         1.11122867013455208665727546919758456         0.00000000000000000000000000000000000         12.2235153714800729532300301611736744      
   31.0000000000000000000000000000000000         0.00000000000000000000000000000000000         10.5930755010621118406344950231300492         1.05930755010621118406344950231301393         0.00000000000000000000000000000000000         11.6523830511683230246979445254430627      
   32.0000000000000000000000000000000000         0.00000000000000000000000000000000000         10.0966682026572915076763307423846340         1.00966682026572915076763307423847427         0.00000000000000000000000000000000000         11.1063350229230206584439638166231079      
   33.0000000000000000000000000000000000         0.00000000000000000000000000000000000         9.62218875183108313309394607808095198        0.962218875183108313309394607808115131         0.00000000000000000000000000000000000         10.5844076270141914464033406858890664      
   34.0000000000000000000000000000000000         0.00000000000000000000000000000000000         9.16878910248729706899460097557491840        0.916878910248729706899460097557467130         0.00000000000000000000000000000000000         10.0856680127360267758940610731323854      
   35.0000000000000000000000000000000000         0.00000000000000000000000000000000000         8.73564842290717554391740842318307241        0.873564842290717554391740842318305007         0.00000000000000000000000000000000000         9.60921326519789309830914926550137780      
   36.0000000000000000000000000000000000         0.00000000000000000000000000000000000         8.32197231726395111220747209369564548        0.832197231726395111220747209369566994         0.00000000000000000000000000000000000         9.15416954899034622342821930306521296      
   37.0000000000000000000000000000000000         0.00000000000000000000000000000000000         7.92699206267703776635937181824238164        0.792699206267703776635937181824240726         0.00000000000000000000000000000000000         8.71969126894474154299530900006662227      
   38.0000000000000000000000000000000000         0.00000000000000000000000000000000000         7.54996386197786674876912719115298433        0.754996386197786674876912719115305887         0.00000000000000000000000000000000000         8.30496024817565342364603991026828993      
   39.0000000000000000000000000000000000         0.00000000000000000000000000000000000         7.19016811233539819581862533395224559        0.719016811233539819581862533395217125         0.00000000000000000000000000000000000         7.90918492356893801540048786734746252      
   40.0000000000000000000000000000000000         0.00000000000000000000000000000000000         6.84690868986775004442559234699818230        0.684690868986775004442559234699792230         0.00000000000000000000000000000000000         7.53159955885452504886815158169797434      
   41.0000000000000000000000000000000000         0.00000000000000000000000000000000000         6.51951225034687006728575250675157496        0.651951225034687006728575250675174965         0.00000000000000000000000000000000000         7.17146347538155707401432775742675003      
   42.0000000000000000000000000000000000         0.00000000000000000000000000000000000         6.20732754608543822979389270977281056        0.620732754608543822979389270977290821         0.00000000000000000000000000000000000         6.82806030069398205277328198075010148      
   43.0000000000000000000000000000000000         0.00000000000000000000000000000000000         5.90972475907894883104378058847068784        0.590972475907894883104378058847063199         0.00000000000000000000000000000000000         6.50069723498684371414815864731775123      
   44.0000000000000000000000000000000000         0.00000000000000000000000000000000000         5.62609485046093146112389047756685532        0.562609485046093146112389047756698320         0.00000000000000000000000000000000000         6.18870433550702460723627952532355364      
   45.0000000000000000000000000000000000         0.00000000000000000000000000000000000         5.35584892631529591193882055845310430        0.535584892631529591193882055845299125         0.00000000000000000000000000000000000         5.89143381894682550313270261429840372      
   46.0000000000000000000000000000000000         0.00000000000000000000000000000000000         5.09841761987662111509569706232368024        0.509841761987662111509569706232367485         0.00000000000000000000000000000000000         5.60825938186428322660526676855604772      
   47.0000000000000000000000000000000000         0.00000000000000000000000000000000000         4.85325049013666714960718398107713798        0.485325049013666714960718398107731035         0.00000000000000000000000000000000000         5.33857553915033386456790237918486912      
   48.0000000000000000000000000000000000         0.00000000000000000000000000000000000         4.61981543686331002140072640336215617        0.461981543686331002140072640336213855         0.00000000000000000000000000000000000         5.08179698054964102354079904369836978      
   49.0000000000000000000000000000000000         0.00000000000000000000000000000000000         4.39759813202634067856905731958949174        0.439759813202634067856905731958949819         0.00000000000000000000000000000000000         4.83735794522897474642596305154844122      
   50.0000000000000000000000000000000000         0.00000000000000000000000000000000000         4.18610146761301285133308479161756466        0.418610146761301285133308479161757988         0.00000000000000000000000000000000000         4.60471161437431413646639327077932236      
   51.0000000000000000000000000000000000         0.00000000000000000000000000000000000         3.98484501980476882568025195063344946        0.398484501980476882568025195063345457         0.00000000000000000000000000000000000         4.38332952178524570824827714569679526      
   52.0000000000000000000000000000000000         0.00000000000000000000000000000000000         3.79336452947513677008129719857858245        0.379336452947513677008129719857856291         0.00000000000000000000000000000000000         4.17270098242265044708942691843643850      
   53.0000000000000000000000000000000000         0.00000000000000000000000000000000000         3.61121139895731358892932643173312816        0.361121139895731358892932643173318276         0.00000000000000000000000000000000000         3.97233253885304494782225907490644648      
   54.0000000000000000000000000000000000         0.00000000000000000000000000000000000         3.43795220501837521253783659011782027        0.343795220501837521253783659011778522         0.00000000000000000000000000000000000         3.78174742552021273379162024912959879      
   55.0000000000000000000000000000000000         0.00000000000000000000000000000000000         3.27316822796535796172009741797606456        0.327316822796535796172009741797605474         0.00000000000000000000000000000000000         3.60048505076189375789210715977366994      
   56.0000000000000000000000000000000000         0.00000000000000000000000000000000000         3.11645499679660939865145675310991043        0.311645499679660939865145675310990475         0.00000000000000000000000000000000000         3.42810049647627033851660242842090105      
   57.0000000000000000000000000000000000         0.00000000000000000000000000000000000         2.96742185029980576913805411620657548        0.296742185029980576913805411620654861         0.00000000000000000000000000000000000         3.26416403532978634605185952782723029      
   58.0000000000000000000000000000000000         0.00000000000000000000000000000000000         2.82569151398587685087487162570215230        0.282569151398587685087487162570222636         0.00000000000000000000000000000000000         3.10826066538446453596235878827237489      
   59.0000000000000000000000000000000000         0.00000000000000000000000000000000000         2.69089969273577770688101416845802610        0.269089969273577770688101416845800145         0.00000000000000000000000000000000000         2.95998966200935547756911558530382605      
   60.0000000000000000000000000000000000         0.00000000000000000000000000000000000         2.56269467902461801802408656212573363        0.256269467902461801802408656212567701         0.00000000000000000000000000000000000         2.81896414692707981982649521833830114      
   61.0000000000000000000000000000000000         0.00000000000000000000000000000000000         2.44073697657512715991138339685603079        0.244073697657512715991138339685606199         0.00000000000000000000000000000000000         2.68481067423263987590252173654163699      
   62.0000000000000000000000000000000000         0.00000000000000000000000000000000000         2.32469893927982596190106509525808943        0.232469893927982596190106509525807485         0.00000000000000000000000000000000000         2.55716883320780855809117160478389699      
   63.0000000000000000000000000000000000         0.00000000000000000000000000000000000         2.21426442521862714510998567894866521        0.221426442521862714510998567894869766         0.00000000000000000000000000000000000         2.43569086774048985962098424684353512      
   64.0000000000000000000000000000000000         0.00000000000000000000000000000000000         2.10912846558593181269678381300494365        0.210912846558593181269678381300489766         0.00000000000000000000000000000000000         2.32004131214452499396646219430543339      
   65.0000000000000000000000000000000000         0.00000000000000000000000000000000000         2.00899694832866718253647590781573659        0.200899694832866718253647590781570534         0.00000000000000000000000000000000000         2.20989664316153390079012349859730705      
   66.0000000000000000000000000000000000         0.00000000000000000000000000000000000         1.91358631628416037728038922147508243        0.191358631628416037728038922147515393         0.00000000000000000000000000000000000         2.10494494791257641500842814362259771      
   67.0000000000000000000000000000000000         0.00000000000000000000000000000000000         1.82262327959430436798914567541729717        0.182262327959430436798914567541726057         0.00000000000000000000000000000000000         2.00488560755373480478806024295902313      
   68.0000000000000000000000000000000000         0.00000000000000000000000000000000000         1.73584454216018475326447949633078182        0.173584454216018475326447949633078924         0.00000000000000000000000000000000000         1.90942899637620322859092744596386070      
   69.0000000000000000000000000000000000         0.00000000000000000000000000000000000         1.65299654188923879445438973224452691        0.165299654188923879445438973224449431         0.00000000000000000000000000000000000         1.81829619607816267389982870546897627      
   70.0000000000000000000000000000000000         0.00000000000000000000000000000000000         1.57383520447514854577914726231963137        0.157383520447514854577914726231965111         0.00000000000000000000000000000000000         1.73121872492266340035706198855159643      
   71.0000000000000000000000000000000000         0.00000000000000000000000000000000000         1.49812571043906377393665630446097369        0.149812571043906377393665630446097187         0.00000000000000000000000000000000000         1.64793828148297015133032193490707093      
   72.0000000000000000000000000000000000         0.00000000000000000000000000000000000         1.42564227514944126716751635825606204        0.142564227514944126716751635825603411         0.00000000000000000000000000000000000         1.56820650266438539388426799408166545      
   73.0000000000000000000000000000000000         0.00000000000000000000000000000000000         1.35616794152680624531151827781200642        0.135616794152680624531151827781202457         0.00000000000000000000000000000000000         1.49178473567948686984267010559320895      
   74.0000000000000000000000000000000000         0.00000000000000000000000000000000000         1.28949438512911735213091390551400751        0.128949438512911735213091390551399567         0.00000000000000000000000000000000000         1.41844382364202908734400529606540712      
   75.0000000000000000000000000000000000         0.00000000000000000000000000000000000         1.22542173130317469546818064143266414        0.122542173130317469546818064143266426         0.00000000000000000000000000000000000         1.34796390443349216501499870557593065      
   76.0000000000000000000000000000000000         0.00000000000000000000000000000000000         1.16375838407767312137424731129942860        0.116375838407767312137424731129942219         0.00000000000000000000000000000000000         1.28013422248544043351167204242937084      
   77.0000000000000000000000000000000000         0.00000000000000000000000000000000000         1.10432086646408976106648350932236537        0.110432086646408976106648350932234905         0.00000000000000000000000000000000000         1.21475295311049873717313186025460035      
   78.0000000000000000000000000000000000         0.00000000000000000000000000000000000         1.04693367182262209631054042789371066        0.104693367182262209631054042789372684         0.00000000000000000000000000000000000         1.15162703900488430594159447068308344      
   79.0000000000000000000000000000000000         0.00000000000000000000000000000000000        0.991429125941873387714042868647564724         9.91429125941873387714042868647562317E-0002   0.00000000000000000000000000000000000         1.09057203853606072648544715551232091      
   80.0000000000000000000000000000000000         0.00000000000000000000000000000000000        0.937647259472926180306955698325682450         9.37647259472926180306955698325676384E-0002   0.00000000000000000000000000000000000         1.03141198542021879833765126815825009      
   81.0000000000000000000000000000000000         0.00000000000000000000000000000000000        0.885435690350858515425614843744286642         8.85435690350858515425614843744283416E-0002   0.00000000000000000000000000000000000        0.973979259385944366968176328118715007      
   82.0000000000000000000000000000000000         0.00000000000000000000000000000000000        0.834649515829645186062096388574369364         8.34649515829645186062096388574387997E-0002   0.00000000000000000000000000000000000        0.918114467412609704668306027431808188      
   83.0000000000000000000000000000000000         0.00000000000000000000000000000000000        0.785151213749748700270573745041197611         7.85151213749748700270573745041193614E-0002   0.00000000000000000000000000000000000        0.863666335124723570297631119545316948      
   84.0000000000000000000000000000000000         0.00000000000000000000000000000000000        0.736810552651539587209435361300108378         7.36810552651539587209435361300107342E-0002   0.00000000000000000000000000000000000        0.810491607916693545930378897430119100      
   85.0000000000000000000000000000000000         0.00000000000000000000000000000000000        0.689504510341988649200330787455272033         6.89504510341988649200330787455277401E-0002   0.00000000000000000000000000000000000        0.758454961376187514120363866200799785      
   86.0000000000000000000000000000000000         0.00000000000000000000000000000000000        0.643117200516837567465362907921001852         6.43117200516837567465362907920985145E-0002   0.00000000000000000000000000000000000        0.707428920568521324211899198713100342      
   87.0000000000000000000000000000000000         0.00000000000000000000000000000000000        0.597539807035669382479187106228524791         5.97539807035669382479187106228537947E-0002   0.00000000000000000000000000000000000        0.657293787739236320727105816851378579      
   88.0000000000000000000000000000000000         0.00000000000000000000000000000000000        0.552670525442955065346086145007270579         5.52670525442955065346086145007258121E-0002   0.00000000000000000000000000000000000        0.607937577987250571880694759507996385      
   89.0000000000000000000000000000000000         0.00000000000000000000000000000000000        0.508414511324232913947883740343168036         5.08414511324232913947883740343183491E-0002   0.00000000000000000000000000000000000        0.559255962456656205342672114377486409      
   90.0000000000000000000000000000000000         0.00000000000000000000000000000000000        0.464683835083068221451920903643613094         4.64683835083068221451920903643605355E-0002   0.00000000000000000000000000000000000        0.511152218591375043597112994007973648      
   91.0000000000000000000000000000000000         0.00000000000000000000000000000000000        0.421397442721324253004520893499640509         4.21397442721324253004520893499641484E-0002   0.00000000000000000000000000000000000        0.463537186993456678304972982849604676      
   92.0000000000000000000000000000000000         0.00000000000000000000000000000000000        0.378481122202533176395428772450831010         3.78481122202533176395428772450831119E-0002   0.00000000000000000000000000000000000        0.416329234422786494034971649695914140      
   93.0000000000000000000000000000000000         0.00000000000000000000000000000000000        0.335867474975767003486112691821541460         3.35867474975767003486112691821535947E-0002   0.00000000000000000000000000000000000        0.369454222473343703834723961003695043      
   94.0000000000000000000000000000000000         0.00000000000000000000000000000000000        0.293495892235352380029916067787284410         2.93495892235352380029916067787281925E-0002   0.00000000000000000000000000000000000        0.322845481458887618032907674566012606      
   95.0000000000000000000000000000000000         0.00000000000000000000000000000000000        0.251312535490026721540892597219302591         2.51312535490026721540892597219304012E-0002   0.00000000000000000000000000000000000        0.276443789039029393694981856941232980      
   96.0000000000000000000000000000000000         0.00000000000000000000000000000000000        0.209270321013673325741472674868940657         2.09270321013673325741472674868937485E-0002   0.00000000000000000000000000000000000        0.230197353115040658315619942355834402      
   97.0000000000000000000000000000000000         0.00000000000000000000000000000000000        0.167328907748575511095378806620849168         1.67328907748575511095378806620852870E-0002   0.00000000000000000000000000000000000        0.184061798523433062204916687282934446      
   98.0000000000000000000000000000000000         0.00000000000000000000000000000000000        0.125454688231169695015480011121167665         1.25454688231169695015480011121167419E-0002   0.00000000000000000000000000000000000        0.138000157054286664517028012233284410      
   99.0000000000000000000000000000000000         0.00000000000000000000000000000000000         8.36207821095292555453838216401968294E-0002   8.36207821095292555453838216401949275E-0003   0.00000000000000000000000000000000000         9.19828603204821810999222038042163221E-0002
   100.000000000000000000000000000000000         0.00000000000000000000000000000000000         4.18070318212492055142567935651329040E-0002   4.18070318212492055142567935651323051E-0003   0.00000000000000000000000000000000000         4.59877350033741260656824729216461330E-0002
   101.000000000000000000000000000000000         0.00000000000000000000000000000000000         0.00000000000000000000000000000000000         0.00000000000000000000000000000000000         0.00000000000000000000000000000000000         0.00000000000000000000000000000000000      
