   0.00000000000000000000000000000000000         0.00000000000000000000000000000000000         3.15576004213391492214668687665835023E-0003   36.0937261184972936216930139113109542         0.00000000000000000000000000000000000         36.0968818785394275366151605981876125      
   1.00000000000000000000000000000000000         0.00000000000000000000000000000000000         3.15576004213391492214668687665835023E-0003   31.6709113610974237847047536738904331         0.00000000000000000000000000000000000         31.6740671211395576996269003607670914      
   2.00000000000000000000000000000000000         0.00000000000000000000000000000000000         3.15576004213391492214668687665835023E-0003   27.8119396362630676251310733774324059         0.00000000000000000000000000000000000         27.8150953963052015400532200643090643      
   3.00000000000000000000000000000000000         0.00000000000000000000000000000000000         3.15576004213391492214668687665835023E-0003   24.4601574068476887211387929389639256         0.00000000000000000000000000000000000         24.4633131668898226360609396258405840      
   4.00000000000000000000000000000000000         0.00000000000000000000000000000000000         3.15576004213391492214668687665835023E-0003   21.5633261223949018707548460372334530         0.00000000000000000000000000000000000         21.5664818824370357856769927241101114      
   5.00000000000000000000000000000000000         0.00000000000000000000000000000000000         3.15576004213391492214668687665835023E-0003   19.0734579497978668546751331412008684         0.00000000000000000000000000000000000         19.0766137098400007695972798280775268      
   6.00000000000000000000000000000000000         0.00000000000000000000000000000000000         3.15576004213391492214668687665835023E-0003   16.9465880724229815333566490832122493         0.00000000000000000000000000000000000         16.9497438324651154482787957700889076      
   7.00000000000000000000000000000000000         0.00000000000000000000000000000000000         3.15576004213391492214668687665835023E-0003   15.1424953578003632924390947001248340         0.00000000000000000000000000000000000         15.1456511178424972073612413870014923      
   8.00000000000000000000000000000000000         0.00000000000000000000000000000000000         3.15576004213391492214668687665835023E-0003   13.6243823789977081632628066793046526         0.00000000000000000000000000000000000         13.6275381390398420781849533661813110      
   9.00000000000000000000000000000000000         0.00000000000000000000000000000000000         3.15576004213391492214668687665835023E-0003   12.3585247528695379799023035124102242         0.00000000000000000000000000000000000         12.3616805129116718948244501992868826      
   10.0000000000000000000000000000000000         0.00000000000000000000000000000000000         3.15576004213391492214668687665835023E-0003   11.3138985755983417972769411185228092         0.00000000000000000000000000000000000         11.3170543356404757121990878053994675      
   11.0000000000000000000000000000000000         0.00000000000000000000000000000000000        0.621020361261707535723607604705009709         9.84392884176287689879951656846261410         0.00000000000000000000000000000000000         10.4649492030245844345231241731676238      
   12.0000000000000000000000000000000000         0.00000000000000000000000000000000000         8.88961177331888552340141047770741236        0.888961177331888552340141047770752348         0.00000000000000000000000000000000000         9.77857295065077407574155152547816500      
   13.0000000000000000000000000000000000         0.00000000000000000000000000000000000         8.30306775859120402232247391919288608        0.830306775859120402232247391919281963         0.00000000000000000000000000000000000         9.13337453445032442455472131111216775      
   14.0000000000000000000000000000000000         0.00000000000000000000000000000000000         7.75196210133933458152269909932636201        0.775196210133933458152269909932633293         0.00000000000000000000000000000000000         8.52715831147326803967496900925899598      
   15.0000000000000000000000000000000000         0.00000000000000000000000000000000000         7.23438839485544723202359799081024120        0.723438839485544723202359799081030437         0.00000000000000000000000000000000000         7.95782723434099195522595778989127164      
   16.0000000000000000000000000000000000         0.00000000000000000000000000000000000         6.74852690634864961354942029854393154        0.674852690634864961354942029854384968         0.00000000000000000000000000000000000         7.42337959698351457490436232839831622      
   17.0000000000000000000000000000000000         0.00000000000000000000000000000000000         6.29264164745042770546777430634085719        0.629264164745042770546777430634088820         0.00000000000000000000000000000000000         6.92190581219547047601455173697494592      
   18.0000000000000000000000000000000000         0.00000000000000000000000000000000000         5.86507747923281191553365507349823302        0.586507747923281191553365507349818179         0.00000000000000000000000000000000000         6.45158522715609310708702058084805139      
   19.0000000000000000000000000000000000         0.00000000000000000000000000000000000         5.46425725666668182821921376831034721        0.546425725666668182821921376831037937         0.00000000000000000000000000000000000         6.01068298233335001104113514514138486      
   20.0000000000000000000000000000000000         0.00000000000000000000000000000000000         5.08867901684054225923245562533550078        0.508867901684054225923245562533551407         0.00000000000000000000000000000000000         5.59754691852459648515570118786905248      
   21.0000000000000000000000000000000000         0.00000000000000000000000000000000000         4.73691321470291380066722103332230877        0.473691321470291380066722103332234546         0.00000000000000000000000000000000000         5.21060453617320518073394313665454365      
   22.0000000000000000000000000000000000         0.00000000000000000000000000000000000         4.40760000958167279367153047783240682        0.440760000958167279367153047783239285         0.00000000000000000000000000000000000         4.84836001053984007303868352561564634      
   23.0000000000000000000000000000000000         0.00000000000000000000000000000000000         4.09944660526854453371621996780439808        0.409944660526854453371621996780440704         0.00000000000000000000000000000000000         4.50939126579539898708784196458483874      
   24.0000000000000000000000000000000000         0.00000000000000000000000000000000000         3.81122464603366939239449236655588791        0.381122464603366939239449236655590332         0.00000000000000000000000000000000000         4.19234711063703633163394160321147844      
   25.0000000000000000000000000000000000         0.00000000000000000000000000000000000         3.54176767055083000036078397835575355        0.354176767055083000036078397835579360         0.00000000000000000000000000000000000         3.89594443760591300039686237619133271      
   26.0000000000000000000000000000000000         0.00000000000000000000000000000000000         3.28996862536564464373907286987108758        0.328996862536564464373907286987102807         0.00000000000000000000000000000000000         3.61896548790220910811298015685819048      
   27.0000000000000000000000000000000000         0.00000000000000000000000000000000000         3.05477743922393140267454068532926398        0.305477743922393140267454068532928622         0.00000000000000000000000000000000000         3.36025518314632454294199475386219265      
   28.0000000000000000000000000000000000         0.00000000000000000000000000000000000         2.83519865929274111712590322891701741        0.283519865929274111712590322891704475         0.00000000000000000000000000000000000         3.11871852522201522883849355180872188      
   29.0000000000000000000000000000000000         0.00000000000000000000000000000000000         2.63028915004956772351350917604801403        0.263028915004956772351350917604800459         0.00000000000000000000000000000000000         2.89331806505452449586486009365281458      
   30.0000000000000000000000000000000000         0.00000000000000000000000000000000000         2.43915585538343148257253523883545410        0.243915585538343148257253523883544298         0.00000000000000000000000000000000000         2.68307144092177463082978876271899847      
   31.0000000000000000000000000000000000         0.00000000000000000000000000000000000         2.26095362424251007586068428653037124        0.226095362424251007586068428653036749         0.00000000000000000000000000000000000         2.48704898666676108344675271518340813      
   32.0000000000000000000000000000000000         0.00000000000000000000000000000000000         2.09488309997455022028707499874283997        0.209488309997455022028707499874284912         0.00000000000000000000000000000000000         2.30437140997200524231578249861712493      
   33.0000000000000000000000000000000000         0.00000000000000000000000000000000000         1.94018867333639182279758434604543942        0.194018867333639182279758434604545035         0.00000000000000000000000000000000000         2.13420754067003100507734278064998429      
   34.0000000000000000000000000000000000         0.00000000000000000000000000000000000         1.79615649899572216648762114491423977        0.179615649899572216648762114491423183         0.00000000000000000000000000000000000         1.97577214889529438313638325940566288      
   35.0000000000000000000000000000000000         0.00000000000000000000000000000000000         1.66211257520997347586690644531123562        0.166211257520997347586690644531125906         0.00000000000000000000000000000000000         1.82832383273097082345359708984236145      
   36.0000000000000000000000000000000000         0.00000000000000000000000000000000000         1.53742088624258310615227838555602662        0.153742088624258310615227838555600168         0.00000000000000000000000000000000000         1.69116297486684141676750622411162674      
   37.0000000000000000000000000000000000         0.00000000000000000000000000000000000         1.42148160696431914244080414170768817        0.142148160696431914244080414170768961         0.00000000000000000000000000000000000         1.56362976766075105668488455587845718      
   38.0000000000000000000000000000000000         0.00000000000000000000000000000000000         1.31372936898586125129849425247358574        0.131372936898586125129849425247356485         0.00000000000000000000000000000000000         1.44510230588444737642834367772094227      
   39.0000000000000000000000000000000000         0.00000000000000000000000000000000000         1.21363158757628996323885108311263254        0.121363158757628996323885108311265396         0.00000000000000000000000000000000000         1.33499474633391895956273619142389791      
   40.0000000000000000000000000000000000         0.00000000000000000000000000000000000         1.12068684853968428643872666572816069        0.112068684853968428643872666572815212         0.00000000000000000000000000000000000         1.23275553339365271508259933230097595      
   41.0000000000000000000000000000000000         0.00000000000000000000000000000000000         1.03442335414788586093119389167793782        0.103442335414788586093119389167794215         0.00000000000000000000000000000000000         1.13786568956267444702431328084573199      
   42.0000000000000000000000000000000000         0.00000000000000000000000000000000000        0.954397427160993519431531432339218080         9.54397427160993519431531432339213891E-0002   0.00000000000000000000000000000000000         1.04983716987709287137468457557313940      
   43.0000000000000000000000000000000000         0.00000000000000000000000000000000000        0.880192071907734982745807948655109411         8.80192071907734982745807948655118101E-0002   0.00000000000000000000000000000000000        0.968211279098508481020388743520621209      
   44.0000000000000000000000000000000000         0.00000000000000000000000000000000000        0.811415591345033341710757115627022788         8.11415591345033341710757115627023486E-0002   0.00000000000000000000000000000000000        0.892557150479536675881832827189725173      
   45.0000000000000000000000000000000000         0.00000000000000000000000000000000000        0.747700258969424337172777627651959426         7.47700258969424337172777627651955285E-0002   0.00000000000000000000000000000000000        0.822470284866366770890055390417154954      
   46.0000000000000000000000000000000000         0.00000000000000000000000000000000000        0.688701044412122449619528487880359037         6.88701044412122449619528487880355233E-0002   0.00000000000000000000000000000000000        0.757571148853334694581481336668394585      
   47.0000000000000000000000000000000000         0.00000000000000000000000000000000000        0.634094391514161742944038380573332682         6.34094391514161742944038380573331959E-0002   0.00000000000000000000000000000000000        0.697503830665577917238442218630665902      
   48.0000000000000000000000000000000000         0.00000000000000000000000000000000000        0.583577047647869942708210522166003496         5.83577047647869942708210522166006493E-0002   0.00000000000000000000000000000000000        0.641934752412656936979031574382604163      
   49.0000000000000000000000000000000000         0.00000000000000000000000000000000000        0.536864943025717797978489168297854412         5.36864943025717797978489168297854737E-0002   0.00000000000000000000000000000000000        0.590551437328289577776338085127639844      
   50.0000000000000000000000000000000000         0.00000000000000000000000000000000000        0.493692118717087059628748159691988238         4.93692118717087059628748159691989309E-0002   0.00000000000000000000000000000000000        0.543061330588795765591622975661187163      
   51.0000000000000000000000000000000000         0.00000000000000000000000000000000000        0.453809702077499937447031668096523168         4.53809702077499937447031668096521700E-0002   0.00000000000000000000000000000000000        0.499190672285249931191734834906175350      
   52.0000000000000000000000000000000000         0.00000000000000000000000000000000000        0.416984928283139717407840046851273799         4.16984928283139717407840046851270682E-0002   0.00000000000000000000000000000000000        0.458683421111453689148624051536400886      
   53.0000000000000000000000000000000000         0.00000000000000000000000000000000000        0.383000206655859568450205179772644549         3.83000206655859568450205179772644838E-0002   0.00000000000000000000000000000000000        0.421300227321445525295225697749909033      
   54.0000000000000000000000000000000000         0.00000000000000000000000000000000000        0.351652230460118510410973921911371995         3.51652230460118510410973921911371489E-0002   0.00000000000000000000000000000000000        0.386817453506130361452071314102509131      
   55.0000000000000000000000000000000000         0.00000000000000000000000000000000000        0.322751128853192442958455872318716131         3.22751128853192442958455872318717021E-0002   0.00000000000000000000000000000000000        0.355026241738511687254301459550587821      
   56.0000000000000000000000000000000000         0.00000000000000000000000000000000000        0.296119659673373050482550734731045089         2.96119659673373050482550734731047304E-0002   0.00000000000000000000000000000000000        0.325731625640710355530805808204149795      
   57.0000000000000000000000000000000000         0.00000000000000000000000000000000000        0.271592441757472886280816498757546883         2.71592441757472886280816498757544578E-0002   0.00000000000000000000000000000000000        0.298751685933220174908898148633301350      
   58.0000000000000000000000000000000000         0.00000000000000000000000000000000000        0.249015225488580749264339533955617411         2.49015225488580749264339533955617326E-0002   0.00000000000000000000000000000000000        0.273916748037438824190773487351179125      
   59.0000000000000000000000000000000000         0.00000000000000000000000000000000000        0.228244200287432594287769373359827520         2.28244200287432594287769373359827688E-0002   0.00000000000000000000000000000000000        0.251068620316175853716546310695810277      
   60.0000000000000000000000000000000000         0.00000000000000000000000000000000000        0.209145337775750416223803041030866947         2.09145337775750416223803041030864509E-0002   0.00000000000000000000000000000000000        0.230059871553325457846183345133953401      
   61.0000000000000000000000000000000000         0.00000000000000000000000000000000000        0.191593769357222174822345680509529255         1.91593769357222174822345680509530555E-0002   0.00000000000000000000000000000000000        0.210753146292944392304580248560482298      
   62.0000000000000000000000000000000000         0.00000000000000000000000000000000000        0.175473196981214950483778182730324156         1.75473196981214950483778182730324354E-0002   0.00000000000000000000000000000000000        0.193020516679336445532156001003356588      
   63.0000000000000000000000000000000000         0.00000000000000000000000000000000000        0.160675335875595217598055470613408829         1.60675335875595217598055470613407391E-0002   0.00000000000000000000000000000000000        0.176742869463154739357861017674749566      
   64.0000000000000000000000000000000000         0.00000000000000000000000000000000000        0.147099388057938901216939462229070213         1.47099388057938901216939462229069722E-0002   0.00000000000000000000000000000000000        0.161809326863732791338633408451977195      
   65.0000000000000000000000000000000000         0.00000000000000000000000000000000000        0.134651545458716176933421760773061939         1.34651545458716176933421760773062775E-0002   0.00000000000000000000000000000000000        0.148116700004587794626763936850368219      
   66.0000000000000000000000000000000000         0.00000000000000000000000000000000000        0.123244521515501648756247385214328323         1.23244521515501648756247385214327844E-0002   0.00000000000000000000000000000000000        0.135568973667051813631872123735761118      
   67.0000000000000000000000000000000000         0.00000000000000000000000000000000000        0.112797110123664381367896158849021722         1.12797110123664381367896158849022161E-0002   0.00000000000000000000000000000000000        0.124076821136030819504685774733923941      
   68.0000000000000000000000000000000000         0.00000000000000000000000000000000000        0.103233770856115405090707831473396767         1.03233770856115405090707831473397044E-0002   0.00000000000000000000000000000000000        0.113557147941726945599778614620736471      
   69.0000000000000000000000000000000000         0.00000000000000000000000000000000000         9.44842393923215755369066095635948102E-0002   9.44842393923215755369066095635943679E-0003   0.00000000000000000000000000000000000        0.103932663331553733090597270519954252      
   70.0000000000000000000000000000000000         0.00000000000000000000000000000000000         8.64831621247317939407345787716720790E-0002   8.64831621247317939407345787716720339E-0003   0.00000000000000000000000000000000000         9.51314783372049733348080366488392809E-0002
   71.0000000000000000000000000000000000         0.00000000000000000000000000000000000         7.91697539388123366017229484463915239E-0002   7.91697539388123366017229484463915359E-0003   0.00000000000000000000000000000000000         8.70867293326935702618952432910306775E-0002
   72.0000000000000000000000000000000000         0.00000000000000000000000000000000000         7.24874781908711428325700237497399323E-0002   7.24874781908711428325700237497395938E-0003   0.00000000000000000000000000000000000         7.97362260099582571158270261247138955E-0002
   73.0000000000000000000000000000000000         0.00000000000000000000000000000000000         6.63837479355969084054479230733422035E-0002   6.63837479355969084054479230733420410E-0003   0.00000000000000000000000000000000000         7.30221227291565992459927153806764106E-0002
   74.0000000000000000000000000000000000         0.00000000000000000000000000000000000         6.08096474825907274152979495263388900E-0002   6.08096474825907274152979495263392737E-0003   0.00000000000000000000000000000000000         6.68906122308498001568277444789728211E-0002
   75.0000000000000000000000000000000000         0.00000000000000000000000000000000000         5.57196733879818002886882891924597972E-0002   5.57196733879818002886882891924595760E-0003   0.00000000000000000000000000000000000         6.12916407267799803175571181117057540E-0002
   76.0000000000000000000000000000000000         0.00000000000000000000000000000000000         5.10714940133637066090209468949320675E-0002   5.10714940133637066090209468949323037E-0003   0.00000000000000000000000000000000000         5.61786434147000772699230415844253001E-0002
   77.0000000000000000000000000000000000         0.00000000000000000000000000000000000         4.68257268096468280282226369453037908E-0002   4.68257268096468280282226369453037667E-0003   0.00000000000000000000000000000000000         5.15082994906115108310449006398341675E-0002
   78.0000000000000000000000000000000000         0.00000000000000000000000000000000000         4.29457325078922611597670090865461769E-0002   4.29457325078922611597670090865465200E-0003   0.00000000000000000000000000000000000         4.72403057586814872757437099952008259E-0002
   79.0000000000000000000000000000000000         0.00000000000000000000000000000000000         3.93974254226831724695923802333785315E-0002   3.93974254226831724695923802333785284E-0003   0.00000000000000000000000000000000000         4.33371679649514897165516182567163858E-0002
   80.0000000000000000000000000000000000         0.00000000000000000000000000000000000         3.61490990960246812021014882016583088E-0002   3.61490990960246812021014882016578830E-0003   0.00000000000000000000000000000000000         3.97640090056271493223116370218240994E-0002
   81.0000000000000000000000000000000000         0.00000000000000000000000000000000000         3.31712665310798937113649089043049851E-0002   3.31712665310798937113649089043050769E-0003   0.00000000000000000000000000000000000         3.64883931841878830825013997947354950E-0002
   82.0000000000000000000000000000000000         0.00000000000000000000000000000000000         3.04365142851973991830858205707178707E-0002   3.04365142851973991830858205707179346E-0003   0.00000000000000000000000000000000000         3.34801657137171391013944026277896652E-0002
   83.0000000000000000000000000000000000         0.00000000000000000000000000000000000         2.79193697106265476443597105197331759E-0002   2.79193697106265476443597105197329803E-0003   0.00000000000000000000000000000000000         3.07113066816892024087956815717064754E-0002
   84.0000000000000000000000000000000000         0.00000000000000000000000000000000000         2.55961806490252633783076100501244520E-0002   2.55961806490252633783076100501244828E-0003   0.00000000000000000000000000000000000         2.81557987139277897161383710551368999E-0002
   85.0000000000000000000000000000000000         0.00000000000000000000000000000000000         2.34450069023264522213743719092124684E-0002   2.34450069023264522213743719092124029E-0003   0.00000000000000000000000000000000000         2.57895075925590974435118091001337098E-0002
   86.0000000000000000000000000000000000         0.00000000000000000000000000000000000         2.14455228177394301730628804108328038E-0002   2.14455228177394301730628804108329151E-0003   0.00000000000000000000000000000000000         2.35900750995133731903691684519160968E-0002
   87.0000000000000000000000000000000000         0.00000000000000000000000000000000000         1.95789303386285078467822053012699720E-0002   1.95789303386285078467822053012697080E-0003   0.00000000000000000000000000000000000         2.15368233724913586314604258313969425E-0002
   88.0000000000000000000000000000000000         0.00000000000000000000000000000000000         1.78278818857475865806149677051916983E-0002   1.78278818857475865806149677051917359E-0003   0.00000000000000000000000000000000000         1.96106700743223452386764644757108726E-0002
   89.0000000000000000000000000000000000         0.00000000000000000000000000000000000         1.61764124448417339582761204606449762E-0002   1.61764124448417339582761204606451530E-0003   0.00000000000000000000000000000000000         1.77940536893259073541037325067094903E-0002
   90.0000000000000000000000000000000000         0.00000000000000000000000000000000000         1.46098802469865753812736596775109598E-0002   1.46098802469865753812736596775109199E-0003   0.00000000000000000000000000000000000         1.60708682716852329194010256452620514E-0002
   91.0000000000000000000000000000000000         0.00000000000000000000000000000000000         1.31149154372636087262808343747862123E-0002   1.31149154372636087262808343747860840E-0003   0.00000000000000000000000000000000000         1.44264069809899695989089178122648201E-0002
   92.0000000000000000000000000000000000         0.00000000000000000000000000000000000         1.16793761355104387071418619484636478E-0002   1.16793761355104387071418619484636263E-0003   0.00000000000000000000000000000000000         1.28473137490614825778560481433100098E-0002
   93.0000000000000000000000000000000000         0.00000000000000000000000000000000000         1.02923112999915356444190789829217652E-0002   1.02923112999915356444190789829217261E-0003   0.00000000000000000000000000000000000         1.13215424299906892088609868812139385E-0002
   94.0000000000000000000000000000000000         0.00000000000000000000000000000000000         8.94392981096475915935689935130239371E-0003   8.94392981096475915935689935130246443E-0004   0.00000000000000000000000000000000000         9.83832279206123507529258928643264016E-0003
   95.0000000000000000000000000000000000         0.00000000000000000000000000000000000         7.62557519633342379141624072467345387E-0003   7.62557519633342379141624072467343694E-0004   0.00000000000000000000000000000000000         8.38813271596676617055786479714079700E-0003
   96.0000000000000000000000000000000000         0.00000000000000000000000000000000000         6.32970542593894155105973814995575610E-0003   6.32970542593894155105973814995579221E-0004   0.00000000000000000000000000000000000         6.96267596853283570616571196495133494E-0003
   97.0000000000000000000000000000000000         0.00000000000000000000000000000000000         5.04987720463424375402333270518649165E-0003   5.04987720463424375402333270518648206E-0004   0.00000000000000000000000000000000000         5.55486492509766812942566597570513976E-0003
   98.0000000000000000000000000000000000         0.00000000000000000000000000000000000         3.78073419715527340730550870416359281E-0003   3.78073419715527340730550870416358980E-0004   0.00000000000000000000000000000000000         4.15880761687080074803605957457995160E-0003
   99.0000000000000000000000000000000000         0.00000000000000000000000000000000000         2.51799862005118595407619360377679968E-0003   2.51799862005118595407619360377679149E-0004   0.00000000000000000000000000000000000         2.76979848205630454948381296415447897E-0003
   100.000000000000000000000000000000000         0.00000000000000000000000000000000000         1.25846563761970380480330844771802425E-0003   1.25846563761970380480330844771801809E-0004   0.00000000000000000000000000000000000         1.38431220138167418528363929248982613E-0003
   101.000000000000000000000000000000000         0.00000000000000000000000000000000000         0.00000000000000000000000000000000000         0.00000000000000000000000000000000000         0.00000000000000000000000000000000000         0.00000000000000000000000000000000000      
