   0.00000000000000000000000000000000000         0.00000000000000000000000000000000000         3.15576004213391492214668687665835023E-0003   92.2923285491555974919668925064228038         0.00000000000000000000000000000000000         92.2954843091977314068890391932994621      
   1.00000000000000000000000000000000000         0.00000000000000000000000000000000000         3.15576004213391492214668687665835023E-0003   85.0111030237529225276533881641856227         0.00000000000000000000000000000000000         85.0142587837950564425755348510622811      
   2.00000000000000000000000000000000000         0.00000000000000000000000000000000000         3.15576004213391492214668687665835023E-0003   78.3187958539518882242694800847133150         0.00000000000000000000000000000000000         78.3219516139940221391916267715899734      
   3.00000000000000000000000000000000000         0.00000000000000000000000000000000000         3.15576004213391492214668687665835023E-0003   72.1807793912032667506014482227009601         0.00000000000000000000000000000000000         72.1839351512454006655235949095776184      
   4.00000000000000000000000000000000000         0.00000000000000000000000000000000000         3.15576004213391492214668687665835023E-0003   66.5636804556309707295103596648178585         0.00000000000000000000000000000000000         66.5668362156731046444325063516945168      
   5.00000000000000000000000000000000000         0.00000000000000000000000000000000000         3.15576004213391492214668687665835023E-0003   61.4351126682042801370610748413015214         0.00000000000000000000000000000000000         61.4382684282464140519832215281781798      
   6.00000000000000000000000000000000000         0.00000000000000000000000000000000000         3.15576004213391492214668687665835023E-0003   56.7634462666018026884507793178091736         0.00000000000000000000000000000000000         56.7666020266439366033729260046858320      
   7.00000000000000000000000000000000000         0.00000000000000000000000000000000000         3.15576004213391492214668687665835023E-0003   52.5176818155429040165919514588744934         0.00000000000000000000000000000000000         52.5208375755850379315140981457511518      
   8.00000000000000000000000000000000000         0.00000000000000000000000000000000000         3.15576004213391492214668687665835023E-0003   48.6674526359357058221091678395931843         0.00000000000000000000000000000000000         48.6706083959778397370313145264698426      
   9.00000000000000000000000000000000000         0.00000000000000000000000000000000000         3.15576004213391492214668687665835023E-0003   45.1831451105832881914590942794822984         0.00000000000000000000000000000000000         45.1863008706254221063812409663589567      
   10.0000000000000000000000000000000000         0.00000000000000000000000000000000000         3.15576004213391492214668687665835023E-0003   42.0361013429221883922084905670432402         0.00000000000000000000000000000000000         42.0392571029643223071306372539198986      
   11.0000000000000000000000000000000000         0.00000000000000000000000000000000000         3.15576004213391492214668687665835023E-0003   39.1988567323616534060358506684015756         0.00000000000000000000000000000000000         39.2020124924037873209579973552782340      
   12.0000000000000000000000000000000000         0.00000000000000000000000000000000000         3.15576004213391492214668687665835023E-0003   36.6453648888135725275653806916948760         0.00000000000000000000000000000000000         36.6485206488557064424875273785715343      
   13.0000000000000000000000000000000000         0.00000000000000000000000000000000000         3.15576004213391492214668687665835023E-0003   34.3511710389307493755570638019406949         0.00000000000000000000000000000000000         34.3543267989728832904792104888173532      
   14.0000000000000000000000000000000000         0.00000000000000000000000000000000000         3.15576004213391492214668687665835023E-0003   32.2935088894332481093597260467953052         0.00000000000000000000000000000000000         32.2966646494753820242818727336719635      
   15.0000000000000000000000000000000000         0.00000000000000000000000000000000000         3.15576004213391492214668687665835023E-0003   30.4513110681576020401998522098759292         0.00000000000000000000000000000000000         30.4544668281997359551219988967525876      
   16.0000000000000000000000000000000000         0.00000000000000000000000000000000000         3.15576004213391492214668687665835023E-0003   28.8051367539598644042595558396067903         0.00000000000000000000000000000000000         28.8082925140019983191817025264834486      
   17.0000000000000000000000000000000000         0.00000000000000000000000000000000000         3.15576004213391492214668687665835023E-0003   27.3370300207503311416444856813181024         0.00000000000000000000000000000000000         27.3401857807924650565666323681947607      
   18.0000000000000000000000000000000000         0.00000000000000000000000000000000000         3.15576004213391492214668687665835023E-0003   26.0303279934871099875070524166834798         0.00000000000000000000000000000000000         26.0334837535292439024291991035601381      
   19.0000000000000000000000000000000000         0.00000000000000000000000000000000000         19.6344371341856931959402898034106077         5.23815796682981412652782388628252701         0.00000000000000000000000000000000000         24.8725951010155073224681136896931339      
   20.0000000000000000000000000000000000         0.00000000000000000000000000000000000         21.6752431935977021061384254680372472         2.16752431935977021061384254680368913         0.00000000000000000000000000000000000         23.8427675129574723167522680148409356      
   21.0000000000000000000000000000000000         0.00000000000000000000000000000000000         20.7745254568951623250811719978929692         2.07745254568951623250811719978933320         0.00000000000000000000000000000000000         22.8519780025846785575892891976823028      
   22.0000000000000000000000000000000000         0.00000000000000000000000000000000000         19.9081606888483200918532824835865922         1.99081606888483200918532824835860579         0.00000000000000000000000000000000000         21.8989767577331521010386107319451993      
   23.0000000000000000000000000000000000         0.00000000000000000000000000000000000         19.0750437926892883944542471076475091         1.90750437926892883944542471076481027         0.00000000000000000000000000000000000         20.9825481719582172338996718184123192      
   24.0000000000000000000000000000000000         0.00000000000000000000000000000000000         18.2740994079683161861660798169112826         1.82740994079683161861660798169111420         0.00000000000000000000000000000000000         20.1015093487651478047826877986023970      
   25.0000000000000000000000000000000000         0.00000000000000000000000000000000000         17.5042806763168193366934546372676349         1.75042806763168193366934546372677165         0.00000000000000000000000000000000000         19.2547087439485012703628001009944073      
   26.0000000000000000000000000000000000         0.00000000000000000000000000000000000         16.7645681263528520032621321321147835         1.67645681263528520032621321321147361         0.00000000000000000000000000000000000         18.4410249389881372035883453453262584      
   27.0000000000000000000000000000000000         0.00000000000000000000000000000000000         16.0539686697653107494728741100472810         1.60539686697653107494728741100471466         0.00000000000000000000000000000000000         17.6593655367418418244201615210519943      
   28.0000000000000000000000000000000000         0.00000000000000000000000000000000000         15.3715146995296724299732827452072824         1.53715146995296724299732827452069835         0.00000000000000000000000000000000000         16.9086661694826396729706110197279815      
   29.0000000000000000000000000000000000         0.00000000000000000000000000000000000         14.7162632805452128991792675234536419         1.47162632805452128991792675234541330         0.00000000000000000000000000000000000         16.1878896085997341890971942757990554      
   30.0000000000000000000000000000000000         0.00000000000000000000000000000000000         14.0872954226880138688245709883437484         1.40872954226880138688245709883433382         0.00000000000000000000000000000000000         15.4960249649568152557070280871780817      
   31.0000000000000000000000000000000000         0.00000000000000000000000000000000000         13.4837154262901577638020069512181712         1.34837154262901577638020069512181959         0.00000000000000000000000000000000000         14.8320869689191735401822076463399916      
   32.0000000000000000000000000000000000         0.00000000000000000000000000000000000         12.9046502903280582493859155349900854         1.29046502903280582493859155349905202         0.00000000000000000000000000000000000         14.1951153193608640743245070884891380      
   33.0000000000000000000000000000000000         0.00000000000000000000000000000000000         12.3492491740786343037120913156592629         1.23492491740786343037120913156590657         0.00000000000000000000000000000000000         13.5841740914864977340833004472251687      
   34.0000000000000000000000000000000000         0.00000000000000000000000000000000000         11.8166829036312068578263857182420690         1.18166829036312068578263857182419693         0.00000000000000000000000000000000000         12.9983511939943275436090242900662665      
   35.0000000000000000000000000000000000         0.00000000000000000000000000000000000         11.3061435153802330316397440016652463         1.13061435153802330316397440016652263         0.00000000000000000000000000000000000         12.4367578669182563348037184018317689      
   36.0000000000000000000000000000000000         0.00000000000000000000000000000000000         10.8168438294290618232983910382218895         1.08168438294290618232983910382218911         0.00000000000000000000000000000000000         11.8985282123719680056282301420440786      
   37.0000000000000000000000000000000000         0.00000000000000000000000000000000000         10.3480170466730275460539903076603390         1.03480170466730275460539903076604762         0.00000000000000000000000000000000000         11.3828187513403303006593893384263866      
   38.0000000000000000000000000000000000         0.00000000000000000000000000000000000         9.89891636417217432540141145186084148        0.989891636417217432540141145186079237         0.00000000000000000000000000000000000         10.8888080005893917579415525970469210      
   39.0000000000000000000000000000000000         0.00000000000000000000000000000000000         9.46881460424593288753428917431802778        0.946881460424593288753428917431810231         0.00000000000000000000000000000000000         10.4156960646705261762877180917498381      
   40.0000000000000000000000000000000000         0.00000000000000000000000000000000000         9.05700385350549184869584871813579053        0.905700385350549184869584871813547160         0.00000000000000000000000000000000000         9.96270423885604103356543358994933769      
   41.0000000000000000000000000000000000         0.00000000000000000000000000000000000         8.66279510877048789611745397440984712        0.866279510877048789611745397441009248         0.00000000000000000000000000000000000         9.52907461964753668572919937185085617      
   42.0000000000000000000000000000000000         0.00000000000000000000000000000000000         8.28551792748528637907176372067278473        0.828551792748528637907176372067269960         0.00000000000000000000000000000000000         9.11406972023381501697894009274005411      
   43.0000000000000000000000000000000000         0.00000000000000000000000000000000000         7.92452008085053902553203695060158749        0.792452008085053902553203695060155879         0.00000000000000000000000000000000000         8.71697208893559292808524064566174308      
   44.0000000000000000000000000000000000         0.00000000000000000000000000000000000         7.57916720841503836752866446880710302        0.757916720841503836752866446880728829         0.00000000000000000000000000000000000         8.33708392925654220428153091568783166      
   45.0000000000000000000000000000000000         0.00000000000000000000000000000000000         7.24884247333088913932946657535685406        0.724884247333088913932946657535672560         0.00000000000000000000000000000000000         7.97372672066397805326241323289252652      
   46.0000000000000000000000000000000000         0.00000000000000000000000000000000000         6.93294621786351544297679443630671721        0.693294621786351544297679443630671528         0.00000000000000000000000000000000000         7.62624083964986698727447387993738893      
   47.0000000000000000000000000000000000         0.00000000000000000000000000000000000         6.63089561907044684861696146831954564        0.663089561907044684861696146831978137         0.00000000000000000000000000000000000         7.29398518097749153347865761515152378      
   48.0000000000000000000000000000000000         0.00000000000000000000000000000000000         6.34212434482376858138184272999130061        0.634212434482376858138184272999118524         0.00000000000000000000000000000000000         6.97633677930614543952002700299041903      
   49.0000000000000000000000000000000000         0.00000000000000000000000000000000000         6.06608221055595491873814828835864065        0.606608221055595491873814828835885847         0.00000000000000000000000000000000000         6.67269043161155041061196311719452621      
   50.0000000000000000000000000000000000         0.00000000000000000000000000000000000         5.80223483726336181008299625874946422        0.580223483726336181008299625874935579         0.00000000000000000000000000000000000         6.38245832098969799109129588462439971      
   51.0000000000000000000000000000000000         0.00000000000000000000000000000000000         5.55006331141195062777492787221316499        0.555006331141195062777492787221318174         0.00000000000000000000000000000000000         6.10506964255314569055242065943448326      
   52.0000000000000000000000000000000000         0.00000000000000000000000000000000000         5.30906384746183201364519770793542285        0.530906384746183201364519770793541341         0.00000000000000000000000000000000000         5.83997023220801521500971747872896428      
   53.0000000000000000000000000000000000         0.00000000000000000000000000000000000         5.07874745376673454386306189157759800        0.507874745376673454386306189157758760         0.00000000000000000000000000000000000         5.58662219914340799824936808073535695      
   54.0000000000000000000000000000000000         0.00000000000000000000000000000000000         4.85863960261696337884065322816690675        0.485863960261696337884065322816686121         0.00000000000000000000000000000000000         5.34450356287865971672471855098359273      
   55.0000000000000000000000000000000000         0.00000000000000000000000000000000000         4.64827990518484502612999891255276886        0.464827990518484502612999891255272793         0.00000000000000000000000000000000000         5.11310789570332952874299880380804189      
   56.0000000000000000000000000000000000         0.00000000000000000000000000000000000         4.44722179210460578252568859942553459        0.444722179210460578252568859942556405         0.00000000000000000000000000000000000         4.89194397131506636077825745936809128      
   57.0000000000000000000000000000000000         0.00000000000000000000000000000000000         4.25503220037814908692770112524898008        0.425503220037814908692770112524894724         0.00000000000000000000000000000000000         4.68053542041596399562047123777387485      
   58.0000000000000000000000000000000000         0.00000000000000000000000000000000000         4.07129126724781628125770872479051224        0.407129126724781628125770872479060728         0.00000000000000000000000000000000000         4.47842039397259790938347959726957263      
   59.0000000000000000000000000000000000         0.00000000000000000000000000000000000         3.89559203161997231769030548244907187        0.389559203161997231769030548244900976         0.00000000000000000000000000000000000         4.28515123478196954945933603069397270      
   60.0000000000000000000000000000000000         0.00000000000000000000000000000000000         3.72754014356171393150649062860427582        0.372754014356171393150649062860415959         0.00000000000000000000000000000000000         4.10029415791788532465713969146469192      
   61.0000000000000000000000000000000000         0.00000000000000000000000000000000000         3.56675358232927227772050680054970495        0.356675358232927227772050680054978574         0.00000000000000000000000000000000000         3.92342894056219950549255748060468338      
   62.0000000000000000000000000000000000         0.00000000000000000000000000000000000         3.41286238332249233498568636252711258        0.341286238332249233498568636252711364         0.00000000000000000000000000000000000         3.75414862165474156848425499877982380      
   63.0000000000000000000000000000000000         0.00000000000000000000000000000000000         3.26550837429647527370468094172912355        0.326550837429647527370468094172911575         0.00000000000000000000000000000000000         3.59205921172612280107514903590203517      
   64.0000000000000000000000000000000000         0.00000000000000000000000000000000000         3.12434492110010943381124053677045919        0.312434492110010943381124053677044262         0.00000000000000000000000000000000000         3.43677941321012037719236459044750364      
   65.0000000000000000000000000000000000         0.00000000000000000000000000000000000         2.98903668315255992050701576886682237        0.298903668315255992050701576886679232         0.00000000000000000000000000000000000         3.28794035146781591255771734575350160      
   66.0000000000000000000000000000000000         0.00000000000000000000000000000000000         2.85925937881337418313639258141307001        0.285925937881337418313639258141314291         0.00000000000000000000000000000000000         3.14518531669471160145003183955438445      
   67.0000000000000000000000000000000000         0.00000000000000000000000000000000000         2.73469956075003666189379446224032026        0.273469956075003666189379446224027038         0.00000000000000000000000000000000000         3.00816951682504032808317390846434740      
   68.0000000000000000000000000000000000         0.00000000000000000000000000000000000         2.61505440135875754468239672285407901        0.261505440135875754468239672285406592         0.00000000000000000000000000000000000         2.87655984149463329915063639513948580      
   69.0000000000000000000000000000000000         0.00000000000000000000000000000000000         2.50003148825007079221285480085100864        0.250003148825007079221285480085099833         0.00000000000000000000000000000000000         2.75003463707507787143414028093610862      
   70.0000000000000000000000000000000000         0.00000000000000000000000000000000000         2.38934862977040856107560839101106713        0.238934862977040856107560839101101744         0.00000000000000000000000000000000000         2.62828349274744941718316923011216868      
   71.0000000000000000000000000000000000         0.00000000000000000000000000000000000         2.28273367049410242319354311162491004        0.228273367049410242319354311162493753         0.00000000000000000000000000000000000         2.51100703754351266551289742278740381      
   72.0000000000000000000000000000000000         0.00000000000000000000000000000000000         2.17992431658707188509261279190107918        0.217992431658707188509261279190105270         0.00000000000000000000000000000000000         2.39791674824577907360187407109118440      
   73.0000000000000000000000000000000000         0.00000000000000000000000000000000000         2.08066797091359627369392440624894589        0.208066797091359627369392440624897170         0.00000000000000000000000000000000000         2.28873476800495590106331684687384306      
   74.0000000000000000000000000000000000         0.00000000000000000000000000000000000         1.98472157773080269024669730581298476        0.198472157773080269024669730581295847         0.00000000000000000000000000000000000         2.18319373550388295927136703639428065      
   75.0000000000000000000000000000000000         0.00000000000000000000000000000000000         1.89185147679160420428795421051198039        0.189185147679160420428795421051198877         0.00000000000000000000000000000000000         2.08103662447076462471674963156317912      
   76.0000000000000000000000000000000000         0.00000000000000000000000000000000000         1.80183326665554942365841220908360859        0.180183326665554942365841220908363262         0.00000000000000000000000000000000000         1.98201659332110436602425342999197178      
   77.0000000000000000000000000000000000         0.00000000000000000000000000000000000         1.71445167698816125048275449419985576        0.171445167698816125048275449419982653         0.00000000000000000000000000000000000         1.88589684468697737553102994361983839      
   78.0000000000000000000000000000000000         0.00000000000000000000000000000000000         1.62950044961262168777405532892753771        0.162950044961262168777405532892752529         0.00000000000000000000000000000000000         1.79245049457388385655146086182029019      
   79.0000000000000000000000000000000000         0.00000000000000000000000000000000000         1.54678222806288555204188531990456097        0.154678222806288555204188531990460796         0.00000000000000000000000000000000000         1.70146045086917410724607385189502167      
   80.0000000000000000000000000000000000         0.00000000000000000000000000000000000         1.46610845537427754078660938336356081        0.146610845537427754078660938336352417         0.00000000000000000000000000000000000         1.61271930091170529486527032169991326      
   81.0000000000000000000000000000000000         0.00000000000000000000000000000000000         1.38729927983615834434484862985316693        0.138729927983615834434484862985314146         0.00000000000000000000000000000000000         1.52602920781977417877933349283848110      
   82.0000000000000000000000000000000000         0.00000000000000000000000000000000000         1.31018346842116631345597708637733979        0.131018346842116631345597708637734427         0.00000000000000000000000000000000000         1.44120181526328294480157479501507429      
   83.0000000000000000000000000000000000         0.00000000000000000000000000000000000         1.23459832759669735954857983139360951        0.123459832759669735954857983139361293         0.00000000000000000000000000000000000         1.35805816035636709550343781453297073      
   84.0000000000000000000000000000000000         0.00000000000000000000000000000000000         1.16038963121653837949288911008808691        0.116038963121653837949288911008808125         0.00000000000000000000000000000000000         1.27642859433819221744217802109689502      
   85.0000000000000000000000000000000000         0.00000000000000000000000000000000000         1.08741155518379422511582262581728274        0.108741155518379422511582262581730316         0.00000000000000000000000000000000000         1.19615271070217364762740488839901316      
   86.0000000000000000000000000000000000         0.00000000000000000000000000000000000         1.01552661857033432321482941789092513        0.101552661857033432321482941789090026         0.00000000000000000000000000000000000         1.11707928042736775553631235968001511      
   87.0000000000000000000000000000000000         0.00000000000000000000000000000000000        0.944605630872834218100482212361014894         9.44605630872834218100482212361023247E-0002   0.00000000000000000000000000000000000         1.03906619396011763991053043359711718      
   88.0000000000000000000000000000000000         0.00000000000000000000000000000000000        0.874527645081012609084818552961140634         8.74527645081012609084818552961124336E-0002   0.00000000000000000000000000000000000        0.961980409589113869993300408257253079      
   89.0000000000000000000000000000000000         0.00000000000000000000000000000000000        0.805179916229789113846257174455569292         8.05179916229789113846257174455585229E-0002   0.00000000000000000000000000000000000        0.885697907852768025230882891901127791      
   90.0000000000000000000000000000000000         0.00000000000000000000000000000000000        0.736457865103744269130230362117047277         7.36457865103744269130230362117045784E-0002   0.00000000000000000000000000000000000        0.810103651614118696043253398328751879      
   91.0000000000000000000000000000000000         0.00000000000000000000000000000000000        0.668265046759391407073290334777267228         6.68265046759391407073290334777266674E-0002   0.00000000000000000000000000000000000        0.735091551435330547780619368254993931      
   92.0000000000000000000000000000000000         0.00000000000000000000000000000000000        0.600513123528317190843523914229595933         6.00513123528317190843523914229585533E-0002   0.00000000000000000000000000000000000        0.660564435881148909927876305652554486      
   93.0000000000000000000000000000000000         0.00000000000000000000000000000000000        0.533121842162166941204120951913702785         5.33121842162166941204120951913705060E-0002   0.00000000000000000000000000000000000        0.586434026378383635324533047105073285      
   94.0000000000000000000000000000000000         0.00000000000000000000000000000000000        0.466019014778700775431941117081035610         4.66019014778700775431941117081030542E-0002   0.00000000000000000000000000000000000        0.512620916256570852975135228789138622      
   95.0000000000000000000000000000000000         0.00000000000000000000000000000000000        0.399140503266689731057197039733398316         3.99140503266689731057197039733393297E-0002   0.00000000000000000000000000000000000        0.439054553593358704162916743706737628      
   96.0000000000000000000000000000000000         0.00000000000000000000000000000000000        0.332430206806223861342599815203459485         3.32430206806223861342599815203457727E-0002   0.00000000000000000000000000000000000        0.365673227486846247476859796723805270      
   97.0000000000000000000000000000000000         0.00000000000000000000000000000000000        0.265840052160036230398813172476432045         2.65840052160036230398813172476432442E-0002   0.00000000000000000000000000000000000        0.292424057376039853438694489724075307      
   98.0000000000000000000000000000000000         0.00000000000000000000000000000000000        0.199329986390679775827915552034219612         1.99329986390679775827915552034220346E-0002   0.00000000000000000000000000000000000        0.219262985029747753410707107237641653      
   99.0000000000000000000000000000000000         0.00000000000000000000000000000000000        0.132867971657802141842802861086004529         1.32867971657802141842802861086002338E-0002   0.00000000000000000000000000000000000        0.146154768823582356027083147194604763      
   100.000000000000000000000000000000000         0.00000000000000000000000000000000000         6.64299817493224106765314520070483584E-0002   6.64299817493224106765314520070480274E-0003   0.00000000000000000000000000000000000         7.30729799242546517441845972077531642E-0002
   101.000000000000000000000000000000000         0.00000000000000000000000000000000000         0.00000000000000000000000000000000000         0.00000000000000000000000000000000000         0.00000000000000000000000000000000000         0.00000000000000000000000000000000000      
