   0.00000000000000000000000000000000000         0.00000000000000000000000000000000000         3.15576004213391492214668687665835023E-0003   67.0693269984239615086244885589838408         0.00000000000000000000000000000000000         67.0724827584660954235466352458604992      
   1.00000000000000000000000000000000000         0.00000000000000000000000000000000000         3.15576004213391492214668687665835023E-0003   60.9467509702495060900755256508384408         0.00000000000000000000000000000000000         60.9499067302916400049976723377150991      
   2.00000000000000000000000000000000000         0.00000000000000000000000000000000000         3.15576004213391492214668687665835023E-0003   55.4056191868890622238106015046369191         0.00000000000000000000000000000000000         55.4087749469311961387327481915135774      
   3.00000000000000000000000000000000000         0.00000000000000000000000000000000000         3.15576004213391492214668687665835023E-0003   50.4036916239589391266090913098580450         0.00000000000000000000000000000000000         50.4068473840010730415312379967347033      
   4.00000000000000000000000000000000000         0.00000000000000000000000000000000000         3.15576004213391492214668687665835023E-0003   45.9001432282590226103679007156010672         0.00000000000000000000000000000000000         45.9032989883011565252900474024777256      
   5.00000000000000000000000000000000000         0.00000000000000000000000000000000000         3.15576004213391492214668687665835023E-0003   41.8557206207434454289119963085612249         0.00000000000000000000000000000000000         41.8588763807855793438341429954378833      
   6.00000000000000000000000000000000000         0.00000000000000000000000000000000000         3.15576004213391492214668687665835023E-0003   38.2329182127723366094373681022056887         0.00000000000000000000000000000000000         38.2360739728144705243595147890823470      
   7.00000000000000000000000000000000000         0.00000000000000000000000000000000000         3.15576004213391492214668687665835023E-0003   34.9961419325638252814608153045694996         0.00000000000000000000000000000000000         34.9992976926059591963829619914461580      
   8.00000000000000000000000000000000000         0.00000000000000000000000000000000000         3.15576004213391492214668687665835023E-0003   32.1118365968640894287620568248089576         0.00000000000000000000000000000000000         32.1149923569062233436842035116856160      
   9.00000000000000000000000000000000000         0.00000000000000000000000000000000000         3.15576004213391492214668687665835023E-0003   29.5485613613694068813185074039853998         0.00000000000000000000000000000000000         29.5517171214115407962406540908620582      
   10.0000000000000000000000000000000000         0.00000000000000000000000000000000000         3.15576004213391492214668687665835023E-0003   27.2770057461780295685685926697211698         0.00000000000000000000000000000000000         27.2801615062201634834907393565978282      
   11.0000000000000000000000000000000000         0.00000000000000000000000000000000000         3.15576004213391492214668687665835023E-0003   25.2699457472986291609104126985184535         0.00000000000000000000000000000000000         25.2731015073407630758325593853951118      
   12.0000000000000000000000000000000000         0.00000000000000000000000000000000000         3.15576004213391492214668687665835023E-0003   23.5021450349082287909672321583963039         0.00000000000000000000000000000000000         23.5053007949503627058893788452729623      
   13.0000000000000000000000000000000000         0.00000000000000000000000000000000000         3.15576004213391492214668687665835023E-0003   21.9502099786549453106808547257652011         0.00000000000000000000000000000000000         21.9533657386970792256030014126418594      
   14.0000000000000000000000000000000000         0.00000000000000000000000000000000000         3.15576004213391492214668687665835023E-0003   20.5924092382406957878567930992090510         0.00000000000000000000000000000000000         20.5955649982828297027789397860857093      
   15.0000000000000000000000000000000000         0.00000000000000000000000000000000000         3.15576004213391492214668687665835023E-0003   19.4084691083734423999552864186613904         0.00000000000000000000000000000000000         19.4116248684155763148774331055380488      
   16.0000000000000000000000000000000000         0.00000000000000000000000000000000000         12.0490446839635009936395799515576587         6.33346610416003336279237580492371115         0.00000000000000000000000000000000000         18.3825107881235343564319557564813706      
   17.0000000000000000000000000000000000         0.00000000000000000000000000000000000         15.9001852618344265920806775214784049         1.59001852618344265920806775214783826         0.00000000000000000000000000000000000         17.4902037880178692512887452736262420      
   18.0000000000000000000000000000000000         0.00000000000000000000000000000000000         15.1247063152983440319103191903387355         1.51247063152983440319103191903386300         0.00000000000000000000000000000000000         16.6371769468281784351013511093725973      
   19.0000000000000000000000000000000000         0.00000000000000000000000000000000000         14.3835607574337318181068087168074052         1.43835607574337318181068087168072680         0.00000000000000000000000000000000000         15.8219168331771049999174895884881320      
   20.0000000000000000000000000000000000         0.00000000000000000000000000000000000         13.6754189146025076297420607978202489         1.36754189146025076297420607978200082         0.00000000000000000000000000000000000         15.0429608060627583927162668776022491      
   21.0000000000000000000000000000000000         0.00000000000000000000000000000000000         12.9989957855283094517119485357351846         1.29989957855283094517119485357357319         0.00000000000000000000000000000000000         14.2988953640811403968831433893087576      
   22.0000000000000000000000000000000000         0.00000000000000000000000000000000000         12.3530496021424072767811873913075714         1.23530496021424072767811873913073238         0.00000000000000000000000000000000000         13.5883545623566480044593061304383036      
   23.0000000000000000000000000000000000         0.00000000000000000000000000000000000         11.7363804508885481079105448310418752         1.17363804508885481079105448310419091         0.00000000000000000000000000000000000         12.9100184959774029187015993141460661      
   24.0000000000000000000000000000000000         0.00000000000000000000000000000000000         11.1478289526137173655295050274063219         1.11478289526137173655295050274064167         0.00000000000000000000000000000000000         12.2626118478750891020824555301469640      
   25.0000000000000000000000000000000000         0.00000000000000000000000000000000000         10.5862749985665009767412124731044907         1.05862749985665009767412124731043062         0.00000000000000000000000000000000000         11.6449024984231510744153337204149211      
   26.0000000000000000000000000000000000         0.00000000000000000000000000000000000         10.0506365395786843805959512668931715         1.00506365395786843805959512668930568         0.00000000000000000000000000000000000         11.0557001935365528186555463935824768      
   27.0000000000000000000000000000000000         0.00000000000000000000000000000000000         9.53986842520285818806033184890507903        0.953986842520285818806033184890510657         0.00000000000000000000000000000000000         10.4938552677231440068663650337955894      
   28.0000000000000000000000000000000000         0.00000000000000000000000000000000000         9.05296128940222783290422662146782500        0.905296128940222783290422662146780478         0.00000000000000000000000000000000000         9.95825741834245061619464928361460519      
   29.0000000000000000000000000000000000         0.00000000000000000000000000000000000         8.58894047932140422496378927715582733        0.858894047932140422496378927715578650         0.00000000000000000000000000000000000         9.44783452725354464746016820487140636      
   30.0000000000000000000000000000000000         0.00000000000000000000000000000000000         8.14686502369176491545766444125758518        0.814686502369176491545766444125758806         0.00000000000000000000000000000000000         8.96155152606094140700343088538334369      
   31.0000000000000000000000000000000000         0.00000000000000000000000000000000000         7.72582663752571578147754640529361353        0.772582663752571578147754640529361141         0.00000000000000000000000000000000000         8.49840930127828735962530104582297535      
   32.0000000000000000000000000000000000         0.00000000000000000000000000000000000         7.32494875991547055568887194843226341        0.732494875991547055568887194843232850         0.00000000000000000000000000000000000         8.05744363590701761125775914327549606      
   33.0000000000000000000000000000000000         0.00000000000000000000000000000000000         6.94338562195957407060717872317636097        0.694338562195957407060717872317643416         0.00000000000000000000000000000000000         7.63772418415553147766789659549400477      
   34.0000000000000000000000000000000000         0.00000000000000000000000000000000000         6.58032134208141613246388842900688593        0.658032134208141613246388842900671991         0.00000000000000000000000000000000000         7.23835347628955774571027727190755811      
   35.0000000000000000000000000000000000         0.00000000000000000000000000000000000         6.23496904626692292723613626079474425        0.623496904626692292723613626079486481         0.00000000000000000000000000000000000         6.85846595089361521995974988687423053      
   36.0000000000000000000000000000000000         0.00000000000000000000000000000000000         5.90657001102343687485683117191678968        0.590657001102343687485683117191679123         0.00000000000000000000000000000000000         6.49722701212578056234251428910846842      
   37.0000000000000000000000000000000000         0.00000000000000000000000000000000000         5.59439282713992470199732652532920064        0.559439282713992470199732652532910761         0.00000000000000000000000000000000000         6.15383210985391717219705917786211169      
   38.0000000000000000000000000000000000         0.00000000000000000000000000000000000         5.29773258260292274208714710632486680        0.529773258260292274208714710632490204         0.00000000000000000000000000000000000         5.82750584086321501629586181695735672      
   39.0000000000000000000000000000000000         0.00000000000000000000000000000000000         5.01591006328721722818734032449069765        0.501591006328721722818734032449066722         0.00000000000000000000000000000000000         5.51750106961593895100607435693976418      
   40.0000000000000000000000000000000000         0.00000000000000000000000000000000000         4.74827097029059449569074806412760407        0.474827097029059449569074806412750074         0.00000000000000000000000000000000000         5.22309806731965394525982287054035400      
   41.0000000000000000000000000000000000         0.00000000000000000000000000000000000         4.49418515301465035138861806334556987        0.449418515301465035138861806334569390         0.00000000000000000000000000000000000         4.94360366831611538652747986968013926      
   42.0000000000000000000000000000000000         0.00000000000000000000000000000000000         4.25304585730620828955037164232141171        0.425304585730620828955037164232142413         0.00000000000000000000000000000000000         4.67835044303682911850540880655355427      
   43.0000000000000000000000000000000000         0.00000000000000000000000000000000000         4.02426898816484710456518575579312464        0.402426898816484710456518575579310028         0.00000000000000000000000000000000000         4.42669588698133181502170433137243434      
   44.0000000000000000000000000000000000         0.00000000000000000000000000000000000         3.80729238669063447550469946901463191        0.380729238669063447550469946901469662         0.00000000000000000000000000000000000         4.18802162535969792305516941591610157      
   45.0000000000000000000000000000000000         0.00000000000000000000000000000000000         3.60157512109230730750842809752520761        0.360157512109230730750842809752515773         0.00000000000000000000000000000000000         3.96173263320153803825927090727772328      
   46.0000000000000000000000000000000000         0.00000000000000000000000000000000000         3.40659679170026717627196970576578825        0.340659679170026717627196970576573433         0.00000000000000000000000000000000000         3.74725647087029389389916667634236149      
   47.0000000000000000000000000000000000         0.00000000000000000000000000000000000         3.22185685003172922276380540408104892        0.322185685003172922276380540408115166         0.00000000000000000000000000000000000         3.54404253503490214504018594448916394      
   48.0000000000000000000000000000000000         0.00000000000000000000000000000000000         3.04687393203835948003385508899461194        0.304687393203835948003385508899459480         0.00000000000000000000000000000000000         3.35156132524219542803724059789407152      
   49.0000000000000000000000000000000000         0.00000000000000000000000000000000000         2.88118520573117968404163390490674437        0.288118520573117968404163390490677104         0.00000000000000000000000000000000000         3.16930372630429765244579729539742162      
   50.0000000000000000000000000000000000         0.00000000000000000000000000000000000         2.72434573342498977798208789079939236        0.272434573342498977798208789079942105         0.00000000000000000000000000000000000         2.99678030676748875578029667987933456      
   51.0000000000000000000000000000000000         0.00000000000000000000000000000000000         2.57592784887672809145215939958493838        0.257592784887672809145215939958490612         0.00000000000000000000000000000000000         2.83352063376440090059737533954342895      
   52.0000000000000000000000000000000000         0.00000000000000000000000000000000000         2.43552054961076448711705492591763976        0.243552054961076448711705492591761477         0.00000000000000000000000000000000000         2.67907260457184093582876041850940112      
   53.0000000000000000000000000000000000         0.00000000000000000000000000000000000         2.30272890473079843866831243674557874        0.230272890473079843866831243674562160         0.00000000000000000000000000000000000         2.53300179520387828253514368042014105      
   54.0000000000000000000000000000000000         0.00000000000000000000000000000000000         2.17717347851445951335169876401304409        0.217717347851445951335169876401303080         0.00000000000000000000000000000000000         2.39489082636590546468686864041434727      
   55.0000000000000000000000000000000000         0.00000000000000000000000000000000000         2.05848977007445241534273161428621877        0.205848977007445241534273161428621694         0.00000000000000000000000000000000000         2.26433874708189765687700477571484061      
   56.0000000000000000000000000000000000         0.00000000000000000000000000000000000         1.94632766935062452465574845692765328        0.194632766935062452465574845692768169         0.00000000000000000000000000000000000         2.14096043628568697712132330262042160      
   57.0000000000000000000000000000000000         0.00000000000000000000000000000000000         1.84035092967201957526180067304811971        0.184035092967201957526180067304812312         0.00000000000000000000000000000000000         2.02438602263922153278798074035293204      
   58.0000000000000000000000000000000000         0.00000000000000000000000000000000000         1.74023665709805349491293412606640856        0.174023665709805349491293412606641660         0.00000000000000000000000000000000000         1.91426032280785884440422753867305015      
   59.0000000000000000000000000000000000         0.00000000000000000000000000000000000         1.64567481671451787426164217747126115        0.164567481671451787426164217747124935         0.00000000000000000000000000000000000         1.81024229838596966168780639521838611      
   60.0000000000000000000000000000000000         0.00000000000000000000000000000000000         1.55636775602416676214120997366151075        0.155636775602416676214120997366149496         0.00000000000000000000000000000000000         1.71200453162658343835533097102766035      
   61.0000000000000000000000000000000000         0.00000000000000000000000000000000000         1.47202974553403332666098579223757994        0.147202974553403332666098579223759935         0.00000000000000000000000000000000000         1.61923272008743665932708437146133990      
   62.0000000000000000000000000000000000         0.00000000000000000000000000000000000         1.39238653660309552394684561658610860        0.139238653660309552394684561658610994         0.00000000000000000000000000000000000         1.53162519026340507634153017824471949      
   63.0000000000000000000000000000000000         0.00000000000000000000000000000000000         1.31717493657509373065471197905920357        0.131717493657509373065471197905920815         0.00000000000000000000000000000000000         1.44889243023260310372018317696512441      
   64.0000000000000000000000000000000000         0.00000000000000000000000000000000000         1.24614240118272430980731198433429434        0.124614240118272430980731198433428038         0.00000000000000000000000000000000000         1.37075664130099674078804318276772233      
   65.0000000000000000000000000000000000         0.00000000000000000000000000000000000         1.17904664417152281051837861419214286        0.117904664417152281051837861419211787         0.00000000000000000000000000000000000         1.29695130858867509157021647561135462      
   66.0000000000000000000000000000000000         0.00000000000000000000000000000000000         1.11565526405485537759748296880024462        0.111565526405485537759748296880026392         0.00000000000000000000000000000000000         1.22722079046034091535723126568027108      
   67.0000000000000000000000000000000000         0.00000000000000000000000000000000000         1.05574538787582774068834634994929744        0.105574538787582774068834634994928557         0.00000000000000000000000000000000000         1.16131992666341051475718098494422592      
   68.0000000000000000000000000000000000         0.00000000000000000000000000000000000        0.999103331817802233610731954148025761         9.99103331817802233610731954148038544E-0002   0.00000000000000000000000000000000000         1.09901366499958245697180514956282968      
   69.0000000000000000000000000000000000         0.00000000000000000000000000000000000        0.945524278472731492323020349452620015         9.45524278472731492323020349452612239E-0002   0.00000000000000000000000000000000000         1.04007670632000464155532238439788132      
   70.0000000000000000000000000000000000         0.00000000000000000000000000000000000        0.894811970545770424289509110674485994         8.94811970545770424289509110674472705E-0002   0.00000000000000000000000000000000000        0.984293167600347466718460021741933312      
   71.0000000000000000000000000000000000         0.00000000000000000000000000000000000        0.846778420745671882349994555563941319         8.46778420745671882349994555563949769E-0002   0.00000000000000000000000000000000000        0.931456262820239070584994011120336307      
   72.0000000000000000000000000000000000         0.00000000000000000000000000000000000        0.801243637583327919687189751686652387         8.01243637583327919687189751686639002E-0002   0.00000000000000000000000000000000000        0.881368001341660711655908726855316239      
   73.0000000000000000000000000000000000         0.00000000000000000000000000000000000        0.758035366775481144284329096760637226         7.58035366775481144284329096760644568E-0002   0.00000000000000000000000000000000000        0.833838903453029258712762006436701719      
   74.0000000000000000000000000000000000         0.00000000000000000000000000000000000        0.716988847927070632705114302063568740         7.16988847927070632705114302063560820E-0002   0.00000000000000000000000000000000000        0.788687732719777695975625732269924786      
   75.0000000000000000000000000000000000         0.00000000000000000000000000000000000        0.677946586143847634825888328283772442         6.77946586143847634825888328283775981E-0002   0.00000000000000000000000000000000000        0.745741244758232398308477161112150052      
   76.0000000000000000000000000000000000         0.00000000000000000000000000000000000        0.640758138206738122393630362228422778         6.40758138206738122393630362228422441E-0002   0.00000000000000000000000000000000000        0.704833952027411934632993398451264999      
   77.0000000000000000000000000000000000         0.00000000000000000000000000000000000        0.605279912920872648867860348424157178         6.05279912920872648867860348424148259E-0002   0.00000000000000000000000000000000000        0.665807904212959913754646383266571962      
   78.0000000000000000000000000000000000         0.00000000000000000000000000000000000        0.571374985235172927013934973965645850         5.71374985235172927013934973965652374E-0002   0.00000000000000000000000000000000000        0.628512483758690219715328471362211099      
   79.0000000000000000000000000000000000         0.00000000000000000000000000000000000        0.538912923712798853273679955379425514         5.38912923712798853273679955379419459E-0002   0.00000000000000000000000000000000000        0.592804216084078738601047950917367430      
   80.0000000000000000000000000000000000         0.00000000000000000000000000000000000        0.507769630918537274661665591138731056         5.07769630918537274661665591138728877E-0002   0.00000000000000000000000000000000000        0.558546594010391002127832150252603949      
   81.0000000000000000000000000000000000         0.00000000000000000000000000000000000        0.477827196276272126836698875265706545         4.77827196276272126836698875265715705E-0002   0.00000000000000000000000000000000000        0.525609915903899339520368762792278134      
   82.0000000000000000000000000000000000         0.00000000000000000000000000000000000        0.448973760937933153011651455589612435         4.48973760937933153011651455589611628E-0002   0.00000000000000000000000000000000000        0.493871137031726468312816601148573616      
   83.0000000000000000000000000000000000         0.00000000000000000000000000000000000        0.421103394194697670862228565206109626         4.21103394194697670862228565206111034E-0002   0.00000000000000000000000000000000000        0.463213733614167437948451421726720747      
   84.0000000000000000000000000000000000         0.00000000000000000000000000000000000        0.394115980951639883828998261568750537         3.94115980951639883828998261568751452E-0002   0.00000000000000000000000000000000000        0.433527579046803872211898087725625659      
   85.0000000000000000000000000000000000         0.00000000000000000000000000000000000        0.367917119778411292683908748464479650         3.67917119778411292683908748464479951E-0002   0.00000000000000000000000000000000000        0.404708831756252421952299623310927639      
   86.0000000000000000000000000000000000         0.00000000000000000000000000000000000        0.342418031040823584903789147572317415         3.42418031040823584903789147572313900E-0002   0.00000000000000000000000000000000000        0.376659834144905943394168062329548829      
   87.0000000000000000000000000000000000         0.00000000000000000000000000000000000        0.317535474611325326381626310101548878         3.17535474611325326381626310101549649E-0002   0.00000000000000000000000000000000000        0.349289022072457859019788941111703843      
   88.0000000000000000000000000000000000         0.00000000000000000000000000000000000        0.293191676650252881532250118179735425         2.93191676650252881532250118179732771E-0002   0.00000000000000000000000000000000000        0.322510844315278169685475129997708693      
   89.0000000000000000000000000000000000         0.00000000000000000000000000000000000        0.269314264944334877156583055343664784         2.69314264944334877156583055343670886E-0002   0.00000000000000000000000000000000000        0.296245691438768364872241360878031878      
   90.0000000000000000000000000000000000         0.00000000000000000000000000000000000        0.245836212284182302919319960485954321         2.45836212284182302919319960485952304E-0002   0.00000000000000000000000000000000000        0.270419833512600533211251956534549572      
   91.0000000000000000000000000000000000         0.00000000000000000000000000000000000        0.222695787358350381797459497885910513         2.22695787358350381797459497885911506E-0002   0.00000000000000000000000000000000000        0.244965366094185419977205447674501672      
   92.0000000000000000000000000000000000         0.00000000000000000000000000000000000        0.199836512637964064013785794218396031         1.99836512637964064013785794218397932E-0002   0.00000000000000000000000000000000000        0.219820163901760470415164373640235812      
   93.0000000000000000000000000000000000         0.00000000000000000000000000000000000        0.177207128722809597109770336836669022         1.77207128722809597109770336836666145E-0002   0.00000000000000000000000000000000000        0.194927841595090556820747370520335642      
   94.0000000000000000000000000000000000         0.00000000000000000000000000000000000        0.154761564617165810403811824358119611         1.54761564617165810403811824358119427E-0002   0.00000000000000000000000000000000000        0.170237721078882391444193006793931555      
   95.0000000000000000000000000000000000         0.00000000000000000000000000000000000        0.132458913401438458875899660240089740         1.32458913401438458875899660240089382E-0002   0.00000000000000000000000000000000000        0.145704804741582304763489626264098682      
   96.0000000000000000000000000000000000         0.00000000000000000000000000000000000        0.110263412763829081839012921717351755         1.10263412763829081839012921717351674E-0002   0.00000000000000000000000000000000000        0.121289754040211990022914213889086921      
   97.0000000000000000000000000000000000         0.00000000000000000000000000000000000         8.81444298547779029217893025861536369E-0002   8.81444298547779029217893025861553913E-0003   0.00000000000000000000000000000000000         9.69588728402556932139682328447691775E-0002
   98.0000000000000000000000000000000000         0.00000000000000000000000000000000000         6.60764499257313016240972666973472322E-0002   6.60764499257313016240972666973471525E-0003   0.00000000000000000000000000000000000         7.26840949183044317865069933670819482E-0002
   99.0000000000000000000000000000000000         0.00000000000000000000000000000000000         4.40390682128624643624626705674876738E-0002   4.40390682128624643624626705674874060E-0003   0.00000000000000000000000000000000000         4.84429750341487107987089376242364129E-0002
   100.000000000000000000000000000000000         0.00000000000000000000000000000000000         2.20169845256840594838144965539711433E-0002   2.20169845256840594838144965539710726E-0003   0.00000000000000000000000000000000000         2.42186829782524654321959462093682498E-0002
   101.000000000000000000000000000000000         0.00000000000000000000000000000000000         0.00000000000000000000000000000000000         0.00000000000000000000000000000000000         0.00000000000000000000000000000000000         0.00000000000000000000000000000000000      
