   0.00000000000000000000000000000000000         0.00000000000000000000000000000000000         3.15576004213391492214668687665835023E-0003   114.204259808794761542134303802480368         0.00000000000000000000000000000000000         114.207415568836895457056450489357027      
   1.00000000000000000000000000000000000         0.00000000000000000000000000000000000         3.15576004213391492214668687665835023E-0003   106.099828282724527068220741335672061         0.00000000000000000000000000000000000         106.102984042766660983142888022548720      
   2.00000000000000000000000000000000000         0.00000000000000000000000000000000000         3.15576004213391492214668687665835023E-0003   98.5869351349408366462074847267505968         0.00000000000000000000000000000000000         98.5900908949829705611296314136272551      
   3.00000000000000000000000000000000000         0.00000000000000000000000000000000000         3.15576004213391492214668687665835023E-0003   91.6329460904521334456143534475331966         0.00000000000000000000000000000000000         91.6361018504942673605365001344098550      
   4.00000000000000000000000000000000000         0.00000000000000000000000000000000000         3.15576004213391492214668687665835023E-0003   85.2060866101256032575341188826083219         0.00000000000000000000000000000000000         85.2092423701677371724562655694849802      
   5.00000000000000000000000000000000000         0.00000000000000000000000000000000000         3.15576004213391492214668687665835023E-0003   79.2754962195533427620124723772951379         0.00000000000000000000000000000000000         79.2786519795954766769346190641717962      
   6.00000000000000000000000000000000000         0.00000000000000000000000000000000000         3.15576004213391492214668687665835023E-0003   73.8112949282833402681895531388542917         0.00000000000000000000000000000000000         73.8144506883254741831116998257309500      
   7.00000000000000000000000000000000000         0.00000000000000000000000000000000000         3.15576004213391492214668687665835023E-0003   68.7846528218050519371686079946581086         0.00000000000000000000000000000000000         68.7878085818471858520907546815347670      
   8.00000000000000000000000000000000000         0.00000000000000000000000000000000000         3.15576004213391492214668687665835023E-0003   64.1678551885707922140173584115614515         0.00000000000000000000000000000000000         64.1710109486129261289395050984381099      
   9.00000000000000000000000000000000000         0.00000000000000000000000000000000000         3.15576004213391492214668687665835023E-0003   59.9343570391512074773506637175588191         0.00000000000000000000000000000000000         59.9375127991933413922728104044354774      
   10.0000000000000000000000000000000000         0.00000000000000000000000000000000000         3.15576004213391492214668687665835023E-0003   56.0588224742521723581187724370504591         0.00000000000000000000000000000000000         56.0619782342943062730409191239271174      
   11.0000000000000000000000000000000000         0.00000000000000000000000000000000000         3.15576004213391492214668687665835023E-0003   52.5171459576269193305240783400346481         0.00000000000000000000000000000000000         52.5203017176690532454462250269113065      
   12.0000000000000000000000000000000000         0.00000000000000000000000000000000000         3.15576004213391492214668687665835023E-0003   49.2864540553238156569968853378837100         0.00000000000000000000000000000000000         49.2896098153659495719190320247603683      
   13.0000000000000000000000000000000000         0.00000000000000000000000000000000000         3.15576004213391492214668687665835023E-0003   46.3450875379421090781740670396074615         0.00000000000000000000000000000000000         46.3482432979842429930962137264841198      
   14.0000000000000000000000000000000000         0.00000000000000000000000000000000000         3.15576004213391492214668687665835023E-0003   43.6725648526020821287990376834115567         0.00000000000000000000000000000000000         43.6757206126442160437211843702882151      
   15.0000000000000000000000000000000000         0.00000000000000000000000000000000000         3.15576004213391492214668687665835023E-0003   41.2495288240829373216003598357621056         0.00000000000000000000000000000000000         41.2526845841250712365225065226387640      
   16.0000000000000000000000000000000000         0.00000000000000000000000000000000000         3.15576004213391492214668687665835023E-0003   39.0576790302790858674981025211420140         0.00000000000000000000000000000000000         39.0608347903212197824202492080186723      
   17.0000000000000000000000000000000000         0.00000000000000000000000000000000000         3.15576004213391492214668687665835023E-0003   37.0796926257709937784998273040406206         0.00000000000000000000000000000000000         37.0828483858131276934219739909172789      
   18.0000000000000000000000000000000000         0.00000000000000000000000000000000000         3.15576004213391492214668687665835023E-0003   35.2991364846769441244169570660803870         0.00000000000000000000000000000000000         35.3022922447190780393391037529570453      
   19.0000000000000000000000000000000000         0.00000000000000000000000000000000000         3.15576004213391492214668687665835023E-0003   33.7003734368442659080718877503426959         0.00000000000000000000000000000000000         33.7035291968863998229940344372193543      
   20.0000000000000000000000000000000000         0.00000000000000000000000000000000000         3.15576004213391492214668687665835023E-0003   32.2684651227517900450220125027695589         0.00000000000000000000000000000000000         32.2716208827939239599441591896462172      
   21.0000000000000000000000000000000000         0.00000000000000000000000000000000000         18.2877883774545749493913767925852599         12.7044410192556639574191145117899808         0.00000000000000000000000000000000000         30.9922293967102389068104913043752391      
   22.0000000000000000000000000000000000         0.00000000000000000000000000000000000         27.1377449698452715157780224601903457         2.71377449698452715157780224601894275         0.00000000000000000000000000000000000         29.8515194668297986673558247062092900      
   23.0000000000000000000000000000000000         0.00000000000000000000000000000000000         26.1369138722158675406170615191702901         2.61369138722158675406170615191703895         0.00000000000000000000000000000000000         28.7506052594374542946787676710873287      
   24.0000000000000000000000000000000000         0.00000000000000000000000000000000000         25.1711767980623015091576940007896162         2.51711767980623015091576940007897656         0.00000000000000000000000000000000000         27.6882944778685316600734634008685920      
   25.0000000000000000000000000000000000         0.00000000000000000000000000000000000         24.2394750611565458765670888651583306         2.42394750611565458765670888651581049         0.00000000000000000000000000000000000         26.6634225672722004642237977516741414      
   26.0000000000000000000000000000000000         0.00000000000000000000000000000000000         23.3407745413755633673930459634295568         2.33407745413755633673930459634295853         0.00000000000000000000000000000000000         25.6748519955131197041323505597725149      
   27.0000000000000000000000000000000000         0.00000000000000000000000000000000000         22.4740650548357418497744852908479061         2.24740650548357418497744852908477913         0.00000000000000000000000000000000000         24.7214715603193160347519338199326841      
   28.0000000000000000000000000000000000         0.00000000000000000000000000000000000         21.6383597477782115695876410391300423         2.16383597477782115695876410391298319         0.00000000000000000000000000000000000         23.8021957225560327265464051430430243      
   29.0000000000000000000000000000000000         0.00000000000000000000000000000000000         20.8326945139193051111289150123311024         2.08326945139193051111289150123314661         0.00000000000000000000000000000000000         22.9159639653112356222418065135642506      
   30.0000000000000000000000000000000000         0.00000000000000000000000000000000000         20.0561274348310096761681864955718142         2.00561274348310096761681864955715192         0.00000000000000000000000000000000000         22.0617401783141106437850051451289673      
   31.0000000000000000000000000000000000         0.00000000000000000000000000000000000         19.3077382427923769735134976964834776         1.93077382427923769735134976964836367         0.00000000000000000000000000000000000         21.2385120670716146708648474661318427      
   32.0000000000000000000000000000000000         0.00000000000000000000000000000000000         18.5866278054528350208116701593991570         1.85866278054528350208116701593995314         0.00000000000000000000000000000000000         20.4452905859981185228928371753391109      
   33.0000000000000000000000000000000000         0.00000000000000000000000000000000000         17.8919176315703861747788020552933216         1.78919176315703861747788020552928574         0.00000000000000000000000000000000000         19.6811093947274247922566822608226075      
   34.0000000000000000000000000000000000         0.00000000000000000000000000000000000         17.2227493970298820249765624247845080         1.72227493970298820249765624247843293         0.00000000000000000000000000000000000         18.9450243367328702274742186672629425      
   35.0000000000000000000000000000000000         0.00000000000000000000000000000000000         16.5782844903069935004220881682060266         1.65782844903069935004220881682063039         0.00000000000000000000000000000000000         18.2361129393376928504642969850266554      
   36.0000000000000000000000000000000000         0.00000000000000000000000000000000000         15.9577035765201859978565984421486963         1.59577035765201859978565984421485395         0.00000000000000000000000000000000000         17.5534739341722045976422582863635508      
   37.0000000000000000000000000000000000         0.00000000000000000000000000000000000         15.3602061792040268537121479005881741         1.53602061792040268537121479005888797         0.00000000000000000000000000000000000         16.8962267971244295390833626906470605      
   38.0000000000000000000000000000000000         0.00000000000000000000000000000000000         14.7850102789406062942462492368914915         1.47850102789406062942462492368910582         0.00000000000000000000000000000000000         16.2635113068346669236708741605805968      
   39.0000000000000000000000000000000000         0.00000000000000000000000000000000000         14.2313519279999246859741840270789614         1.42313519279999246859741840270792673         0.00000000000000000000000000000000000         15.6544871207999171545716024297868878      
   40.0000000000000000000000000000000000         0.00000000000000000000000000000000000         13.6984848801630603896292766267023556         1.36984848801630603896292766267017621         0.00000000000000000000000000000000000         15.0683333681793664285922042893725320      
   41.0000000000000000000000000000000000         0.00000000000000000000000000000000000         13.1856802349321609464776805642751466         1.31856802349321609464776805642757729         0.00000000000000000000000000000000000         14.5042482584253770411254486207027235      
   42.0000000000000000000000000000000000         0.00000000000000000000000000000000000         12.6922260953672891527773348345737927         1.26922260953672891527773348345736975         0.00000000000000000000000000000000000         13.9614487049040180680550683180311630      
   43.0000000000000000000000000000000000         0.00000000000000000000000000000000000         12.2174272388305221585303374776617224         1.22174272388305221585303374776616643         0.00000000000000000000000000000000000         13.4391699627135743743833712254278894      
   44.0000000000000000000000000000000000         0.00000000000000000000000000000000000         11.7606047999611917668491469033512583         1.17606047999611917668491469033514933         0.00000000000000000000000000000000000         12.9366652799573109435340615936864080      
   45.0000000000000000000000000000000000         0.00000000000000000000000000000000000         11.3210959652516433631297806579519188         1.13210959652516433631297806579516125         0.00000000000000000000000000000000000         12.4532055617768076994427587237470798      
   46.0000000000000000000000000000000000         0.00000000000000000000000000000000000         10.8982536786393844568194129348399632         1.08982536786393844568194129348400102         0.00000000000000000000000000000000000         11.9880790465033229025013542283239639      
   47.0000000000000000000000000000000000         0.00000000000000000000000000000000000         10.4914463575781233381991149914194171         1.04914463575781233381991149914197056         0.00000000000000000000000000000000000         11.5405909933359356720190264905613882      
   48.0000000000000000000000000000000000         0.00000000000000000000000000000000000         10.1000576190962176205311634199508698         1.01000576190962176205311634199507238         0.00000000000000000000000000000000000         11.1100633810058393825842797619459428      
   49.0000000000000000000000000000000000         0.00000000000000000000000000000000000         9.72348601539583151639396244786489815        0.972348601539583151639396244786524058         0.00000000000000000000000000000000000         10.6958346169354146680333586926514228      
   50.0000000000000000000000000000000000         0.00000000000000000000000000000000000         9.36114477858911901878290364641055587        0.936114477858911901878290364641047383         0.00000000000000000000000000000000000         10.2972592564480309206611940110516027      
   51.0000000000000000000000000000000000         0.00000000000000000000000000000000000         9.01246157420858882301098122596701286        0.901246157420858882301098122596694295         0.00000000000000000000000000000000000         9.91370773162944770531207934856370706      
   52.0000000000000000000000000000000000         0.00000000000000000000000000000000000         8.67687826316714035920166565581681368        0.867687826316714035920166565581669601         0.00000000000000000000000000000000000         9.54456608948385439512183222139848319      
   53.0000000000000000000000000000000000         0.00000000000000000000000000000000000         8.35385067187884809673677651453448267        0.835385067187884809673677651453473651         0.00000000000000000000000000000000000         9.18923573906673290641045416598795652      
   54.0000000000000000000000000000000000         0.00000000000000000000000000000000000         8.04284837028424890767428859856926766        0.804284837028424890767428859856904849         0.00000000000000000000000000000000000         8.84713320731267379844171745842617193      
   55.0000000000000000000000000000000000         0.00000000000000000000000000000000000         7.74335445755355787117274027932051485        0.774335445755355787117274027932039679         0.00000000000000000000000000000000000         8.51768990330891365829001430725255501      
   56.0000000000000000000000000000000000         0.00000000000000000000000000000000000         7.45486535526786372478612733034247753        0.745486535526786372478612733034249544         0.00000000000000000000000000000000000         8.20035189079465009726474006337672736      
   57.0000000000000000000000000000000000         0.00000000000000000000000000000000000         7.17689060790194947970723848876301826        0.717689060790194947970723848876316617         0.00000000000000000000000000000000000         7.89457966869214442767796233763933487      
   58.0000000000000000000000000000000000         0.00000000000000000000000000000000000         6.90895269045300305136136928403198174        0.690895269045300305136136928403197192         0.00000000000000000000000000000000000         7.59984795949830335649750621243517922      
   59.0000000000000000000000000000000000         0.00000000000000000000000000000000000         6.65058682307721967919887847235596363        0.665058682307721967919887847235599502         0.00000000000000000000000000000000000         7.31564550538494164711876631959156284      
   60.0000000000000000000000000000000000         0.00000000000000000000000000000000000         6.40134079261127429191938362261592780        0.640134079261127429191938362261572288         0.00000000000000000000000000000000000         7.04147487187240172111132198487750009      
   61.0000000000000000000000000000000000         0.00000000000000000000000000000000000         6.16077478086800283158888273909263097        0.616077478086800283158888273909259938         0.00000000000000000000000000000000000         6.77685225895480311474777101300189091      
   62.0000000000000000000000000000000000         0.00000000000000000000000000000000000         5.92846119960553945302145021754745110        0.592846119960553945302145021754761057         0.00000000000000000000000000000000000         6.52130731956609339832359523930221177      
   63.0000000000000000000000000000000000         0.00000000000000000000000000000000000         5.70398453207678658384216730882946838        0.570398453207678658384216730882947300         0.00000000000000000000000000000000000         6.27438298528446524222638403971241606      
   64.0000000000000000000000000000000000         0.00000000000000000000000000000000000         5.48694118107163030331560698254456764        0.548694118107163030331560698254444361         0.00000000000000000000000000000000000         6.03563529917879333364716768079901162      
   65.0000000000000000000000000000000000         0.00000000000000000000000000000000000         5.27693932336794185347603790694699159        0.527693932336794185347603790694694267         0.00000000000000000000000000000000000         5.80463325570473603882364169764168566      
   66.0000000000000000000000000000000000         0.00000000000000000000000000000000000         5.07359877050931571295500492464269685        0.507359877050931571295500492464276811         0.00000000000000000000000000000000000         5.58095864756024728425050541710697346      
   67.0000000000000000000000000000000000         0.00000000000000000000000000000000000         4.87655083582787198129038649091676667        0.487655083582787198129038649091670254         0.00000000000000000000000000000000000         5.36420591941065917941942514000843702      
   68.0000000000000000000000000000000000         0.00000000000000000000000000000000000         4.68543820762947796913986429903123638        0.468543820762947796913986429903124004         0.00000000000000000000000000000000000         5.15398202839242576605385072893436048      
   69.0000000000000000000000000000000000         0.00000000000000000000000000000000000         4.49991482845659675012993908096536368        0.449991482845659675012993908096531081         0.00000000000000000000000000000000000         4.94990631130225642514293298906189481      
   70.0000000000000000000000000000000000         0.00000000000000000000000000000000000         4.31964578034081709351509279793283116        0.431964578034081709351509279793280613         0.00000000000000000000000000000000000         4.75161035837489880286660207772611197      
   71.0000000000000000000000000000000000         0.00000000000000000000000000000000000         4.14430717595311877114953049956068551        0.414430717595311877114953049956071767         0.00000000000000000000000000000000000         4.55873789354843064826448354951675699      
   72.0000000000000000000000000000000000         0.00000000000000000000000000000000000         3.97358605555522896654050719893713707        0.397358605555522896654050719893712397         0.00000000000000000000000000000000000         4.37094466111075186319455791883084966      
   73.0000000000000000000000000000000000         0.00000000000000000000000000000000000         3.80718028965016819901853363054847733        0.380718028965016819901853363054845624         0.00000000000000000000000000000000000         4.18789831861518501892038699360332271      
   74.0000000000000000000000000000000000         0.00000000000000000000000000000000000         3.64479848722439578624657162853371781        0.364479848722439578624657162853366032         0.00000000000000000000000000000000000         4.00927833594683536487122879138708351      
   75.0000000000000000000000000000000000         0.00000000000000000000000000000000000         3.48615990946796240668591526026874220        0.348615990946796240668591526026876281         0.00000000000000000000000000000000000         3.83477590041475864735450678629561838      
   76.0000000000000000000000000000000000         0.00000000000000000000000000000000000         3.33099438885286684291999084189593379        0.333099438885286684291999084189589537         0.00000000000000000000000000000000000         3.66409382773815352721198992608552328      
   77.0000000000000000000000000000000000         0.00000000000000000000000000000000000         3.17904225344349075296020574161697810        0.317904225344349075296020574161704936         0.00000000000000000000000000000000000         3.49694647878783982825622631577868304      
   78.0000000000000000000000000000000000         0.00000000000000000000000000000000000         3.03005425630663409033171167175952820        0.303005425630663409033171167175946079         0.00000000000000000000000000000000000         3.33305968193729749936488283893547428      
   79.0000000000000000000000000000000000         0.00000000000000000000000000000000000         2.88379150988236920392872280077870922        0.288379150988236920392872280077884375         0.00000000000000000000000000000000000         3.17217066087060612432159508085659374      
   80.0000000000000000000000000000000000         0.00000000000000000000000000000000000         2.74002542517073863869619679503485360        0.274002542517073863869619679503479467         0.00000000000000000000000000000000000         3.01402796768781250256581647453833307      
   81.0000000000000000000000000000000000         0.00000000000000000000000000000000000         2.59853765558329598444012225994769614        0.259853765558329598444012225994763739         0.00000000000000000000000000000000000         2.85839142114162558288413448594245978      
   82.0000000000000000000000000000000000         0.00000000000000000000000000000000000         2.45912004530267788712743539710793962        0.245912004530267788712743539710791974         0.00000000000000000000000000000000000         2.70503204983294567584017893681873162      
   83.0000000000000000000000000000000000         0.00000000000000000000000000000000000         2.32157458198783755617590267443599940        0.232157458198783755617590267443603541         0.00000000000000000000000000000000000         2.55373204018662131179349294187960284      
   84.0000000000000000000000000000000000         0.00000000000000000000000000000000000         2.18571335365729725993911638633319976        0.218571335365729725993911638633318850         0.00000000000000000000000000000000000         2.40428468902302698593302802496651847      
   85.0000000000000000000000000000000000         0.00000000000000000000000000000000000         2.05135850957781393480263634740896934        0.205135850957781393480263634740896553         0.00000000000000000000000000000000000         2.25649436053559532828289998214986577      
   86.0000000000000000000000000000000000         0.00000000000000000000000000000000000         1.91834222498121628846588905447061941        0.191834222498121628846588905447061291         0.00000000000000000000000000000000000         2.11017644747933791731247795991768077      
   87.0000000000000000000000000000000000         0.00000000000000000000000000000000000         1.78650666942787596762363605557745255        0.178650666942787596762363605557747166         0.00000000000000000000000000000000000         1.96515733637066356438599966113519969      
   88.0000000000000000000000000000000000         0.00000000000000000000000000000000000         1.65570397863132649725550949624071521        0.165570397863132649725550949624070331         0.00000000000000000000000000000000000         1.82127437649445914698106044586478561      
   89.0000000000000000000000000000000000         0.00000000000000000000000000000000000         1.52579622955494401050752410620946416        0.152579622955494401050752410620946927         0.00000000000000000000000000000000000         1.67837585251043841155827651683041104      
   90.0000000000000000000000000000000000         0.00000000000000000000000000000000000         1.39665541858835120714176789531073007        0.139665541858835120714176789531073763         0.00000000000000000000000000000000000         1.53632096044718632785594468484180381      
   91.0000000000000000000000000000000000         0.00000000000000000000000000000000000         1.26816344260829460701866016256062736        0.126816344260829460701866016256063179         0.00000000000000000000000000000000000         1.39497978686912406772052617881669054      
   92.0000000000000000000000000000000000         0.00000000000000000000000000000000000         1.14021208272616571317321741319929679        0.114021208272616571317321741319931703         0.00000000000000000000000000000000000         1.25423329099878228449053915451922843      
   93.0000000000000000000000000000000000         0.00000000000000000000000000000000000         1.01270299052207689516588072090709801        0.101270299052207689516588072090708214         0.00000000000000000000000000000000000         1.11397328957428458468246879299780630      
   94.0000000000000000000000000000000000         0.00000000000000000000000000000000000        0.885547676563447776905181611237066071         8.85547676563447776905181611237050471E-0002   0.00000000000000000000000000000000000        0.974102444219792554595699772360771118      
   95.0000000000000000000000000000000000         0.00000000000000000000000000000000000        0.758667501004390549268447650029816694         7.58667501004390549268447650029823772E-0002   0.00000000000000000000000000000000000        0.834534251104829604195292415032799047      
   96.0000000000000000000000000000000000         0.00000000000000000000000000000000000        0.631993666060783894958944078097850690         6.31993666060783894958944078097858129E-0002   0.00000000000000000000000000000000000        0.695193032666862284454838485907636491      
   97.0000000000000000000000000000000000         0.00000000000000000000000000000000000        0.505467210154774462777818709242485254         5.05467210154774462777818709242471050E-0002   0.00000000000000000000000000000000000        0.556013931170251909055600580166732383      
   98.0000000000000000000000000000000000         0.00000000000000000000000000000000000        0.379039003521520069122187667559362298         3.79039003521520069122187667559365151E-0002   0.00000000000000000000000000000000000        0.416942903873672076034406434315298807      
   99.0000000000000000000000000000000000         0.00000000000000000000000000000000000        0.252669745070266947965812174208693026         2.52669745070266947965812174208697925E-0002   0.00000000000000000000000000000000000        0.277936719577293642762393391629562825      
   100.000000000000000000000000000000000         0.00000000000000000000000000000000000        0.126329960291310453573142235560076682         1.26329960291310453573142235560076752E-0002   0.00000000000000000000000000000000000        0.138962956320441498930456459116084365      
   101.000000000000000000000000000000000         0.00000000000000000000000000000000000         0.00000000000000000000000000000000000         0.00000000000000000000000000000000000         0.00000000000000000000000000000000000         0.00000000000000000000000000000000000      
