   0.00000000000000000000000000000000000         0.00000000000000000000000000000000000         3.15576004213391492214668687665835023E-0003   71.6040175650941142747634231206534582         0.00000000000000000000000000000000000         71.6071733251362481896855698075301166      
   1.00000000000000000000000000000000000         0.00000000000000000000000000000000000         3.15576004213391492214668687665835023E-0003   65.2643432098218034415889113187146099         0.00000000000000000000000000000000000         65.2674989698639373565110580055912683      
   2.00000000000000000000000000000000000         0.00000000000000000000000000000000000         3.15576004213391492214668687665835023E-0003   59.5051343688193911244842620604313915         0.00000000000000000000000000000000000         59.5082901288615250394064087473080499      
   3.00000000000000000000000000000000000         0.00000000000000000000000000000000000         3.15576004213391492214668687665835023E-0003   54.2842048227828964413152744933290007         0.00000000000000000000000000000000000         54.2873605828250303562374211802056590      
   4.00000000000000000000000000000000000         0.00000000000000000000000000000000000         3.15576004213391492214668687665835023E-0003   49.5616963188786906694390645529956968         0.00000000000000000000000000000000000         49.5648520789208245843612112398723552      
   5.00000000000000000000000000000000000         0.00000000000000000000000000000000000         3.15576004213391492214668687665835023E-0003   45.3000390115630370747839358943064391         0.00000000000000000000000000000000000         45.3031947716051709897060825811830975      
   6.00000000000000000000000000000000000         0.00000000000000000000000000000000000         3.15576004213391492214668687665835023E-0003   41.4638938539208394200821309124858211         0.00000000000000000000000000000000000         41.4670496139629733350042775993624794      
   7.00000000000000000000000000000000000         0.00000000000000000000000000000000000         3.15576004213391492214668687665835023E-0003   38.0200782750983866412630126602787923         0.00000000000000000000000000000000000         38.0232340351405205561851593471554506      
   8.00000000000000000000000000000000000         0.00000000000000000000000000000000000         3.15576004213391492214668687665835023E-0003   34.9374766439380026088340042026711371         0.00000000000000000000000000000000000         34.9406324039801365237561508895477954      
   9.00000000000000000000000000000000000         0.00000000000000000000000000000000000         3.15576004213391492214668687665835023E-0003   32.1869371665637314589956820151734720         0.00000000000000000000000000000000000         32.1900929266058653739178287020501303      
   10.0000000000000000000000000000000000         0.00000000000000000000000000000000000         3.15576004213391492214668687665835023E-0003   29.7411569736493829291210341272481967         0.00000000000000000000000000000000000         29.7443127336915168440431808141248551      
   11.0000000000000000000000000000000000         0.00000000000000000000000000000000000         3.15576004213391492214668687665835023E-0003   27.5745572075043856435168808467261260         0.00000000000000000000000000000000000         27.5777129675465195584390275336027843      
   12.0000000000000000000000000000000000         0.00000000000000000000000000000000000         3.15576004213391492214668687665835023E-0003   25.6631499141123009239662283667285759         0.00000000000000000000000000000000000         25.6663056741544348388883750536052342      
   13.0000000000000000000000000000000000         0.00000000000000000000000000000000000         3.15576004213391492214668687665835023E-0003   23.9843984817633008297219386933791598         0.00000000000000000000000000000000000         23.9875542418054347446440853802558182      
   14.0000000000000000000000000000000000         0.00000000000000000000000000000000000         3.15576004213391492214668687665835023E-0003   22.5170732519193265774406095789567299         0.00000000000000000000000000000000000         22.5202290119614604923627562658333883      
   15.0000000000000000000000000000000000         0.00000000000000000000000000000000000         3.15576004213391492214668687665835023E-0003   21.2411037687559431459769244727606044         0.00000000000000000000000000000000000         21.2442595287980770608990711596372628      
   16.0000000000000000000000000000000000         0.00000000000000000000000000000000000         3.11904319511843079318474745867466343         17.0215415073819428665581493496251828         0.00000000000000000000000000000000000         20.1405847025003736597428968082998478      
   17.0000000000000000000000000000000000         0.00000000000000000000000000000000000         17.4463654083430387724045579342727779         1.74463654083430387724045579342727143         0.00000000000000000000000000000000000         19.1910019491773426496450137277000480      
   18.0000000000000000000000000000000000         0.00000000000000000000000000000000000         16.6202238114333060945427103860734599         1.66202238114333060945427103860732045         0.00000000000000000000000000000000000         18.2822461925766367039969814246807793      
   19.0000000000000000000000000000000000         0.00000000000000000000000000000000000         15.8297978092289041052434079512700918         1.58297978092289041052434079512698761         0.00000000000000000000000000000000000         17.4127775901517945157677487463970778      
   20.0000000000000000000000000000000000         0.00000000000000000000000000000000000         15.0737324404801524019598691262243351         1.50737324404801524019598691262242581         0.00000000000000000000000000000000000         16.5811056845281676421558560388467625      
   21.0000000000000000000000000000000000         0.00000000000000000000000000000000000         14.3507165219183576210769883679296704         1.43507165219183576210769883679302643         0.00000000000000000000000000000000000         15.7857881741101933831846872047226964      
   22.0000000000000000000000000000000000         0.00000000000000000000000000000000000         13.6594815395960564588633352611704586         1.36594815395960564588633352611701057         0.00000000000000000000000000000000000         15.0254296935556621047496687872874699      
   23.0000000000000000000000000000000000         0.00000000000000000000000000000000000         12.9988005503668795370623944064873427         1.29988005503668795370623944064875303         0.00000000000000000000000000000000000         14.2986806054035674907686338471360951      
   24.0000000000000000000000000000000000         0.00000000000000000000000000000000000         12.3674870945586946711930980987283439         1.23674870945586946711930980987283504         0.00000000000000000000000000000000000         13.6042358040145641383124079086011795      
   25.0000000000000000000000000000000000         0.00000000000000000000000000000000000         11.7643941207864441926200114154594804         1.17643941207864441926200114154593791         0.00000000000000000000000000000000000         12.9408335328650886118820125570054182      
   26.0000000000000000000000000000000000         0.00000000000000000000000000000000000         11.1884129237524015305149717579803742         1.11884129237524015305149717579801477         0.00000000000000000000000000000000000         12.3072542161276416835664689337783889      
   27.0000000000000000000000000000000000         0.00000000000000000000000000000000000         10.6384720957911858158527885941911796         1.06384720957911858158527885941912843         0.00000000000000000000000000000000000         11.7023193053703043974380674536103072      
   28.0000000000000000000000000000000000         0.00000000000000000000000000000000000         10.1135364928344687497501838671177083         1.01135364928344687497501838671176771         0.00000000000000000000000000000000000         11.1248901421179156247252022538294754      
   29.0000000000000000000000000000000000         0.00000000000000000000000000000000000         9.61260621539550715768919466442873672        0.961260621539550715768919466442876099         0.00000000000000000000000000000000000         10.5738668369350578734581141308716130      
   30.0000000000000000000000000000000000         0.00000000000000000000000000000000000         9.13471560510601404690946203024152731        0.913471560510601404690946203024149553         0.00000000000000000000000000000000000         10.0481871656166154516004082332656762      
   31.0000000000000000000000000000000000         0.00000000000000000000000000000000000         8.67893225727698303731942453952843067        0.867893225727698303731942453952835036         0.00000000000000000000000000000000000         9.54682548300468134105136699348126542      
   32.0000000000000000000000000000000000         0.00000000000000000000000000000000000         8.24435604990042447961405301741943043        0.824435604990042447961405301741943582         0.00000000000000000000000000000000000         9.06879165489046692757545831916137362      
   33.0000000000000000000000000000000000         0.00000000000000000000000000000000000         7.83011818946006091632022184353944787        0.783011818946006091632022184353958942         0.00000000000000000000000000000000000         8.61313000840606700795224402789340729      
   34.0000000000000000000000000000000000         0.00000000000000000000000000000000000         7.43538027387536361672301396630879167        0.743538027387536361672301396630859619         0.00000000000000000000000000000000000         8.17891830126289997839531536293965081      
   35.0000000000000000000000000000000000         0.00000000000000000000000000000000000         7.05933337286439147950290689009790949        0.705933337286439147950290689009801522         0.00000000000000000000000000000000000         7.76526671015083062745319757910771130      
   36.0000000000000000000000000000000000         0.00000000000000000000000000000000000         6.70119712597622795537512050964389608        0.670119712597622795537512050964382539         0.00000000000000000000000000000000000         7.37131683857385075091263256060827852      
   37.0000000000000000000000000000000000         0.00000000000000000000000000000000000         6.36021885851292434478158510739080997        0.636021885851292434478158510739079263         0.00000000000000000000000000000000000         6.99624074436421677925974361812988904      
   38.0000000000000000000000000000000000         0.00000000000000000000000000000000000         6.03567271553329143212147904629113688        0.603567271553329143212147904629121680         0.00000000000000000000000000000000000         6.63923998708662057533362695092025865      
   39.0000000000000000000000000000000000         0.00000000000000000000000000000000000         5.72685881410620139175775132138435355        0.572685881410620139175775132138430906         0.00000000000000000000000000000000000         6.29954469551682153093352645352278436      
   40.0000000000000000000000000000000000         0.00000000000000000000000000000000000         5.43310241395885967810039359675606002        0.543310241395885967810039359675584739         0.00000000000000000000000000000000000         5.97641265535474564591043295643164476      
   41.0000000000000000000000000000000000         0.00000000000000000000000000000000000         5.15375310664540190157261008063684248        0.515375310664540190157261008063697171         0.00000000000000000000000000000000000         5.66912841730994209172987108870053936      
   42.0000000000000000000000000000000000         0.00000000000000000000000000000000000         4.88818402334281307339010216124356412        0.488818402334281307339010216124362036         0.00000000000000000000000000000000000         5.37700242567709438072911237736792615      
   43.0000000000000000000000000000000000         0.00000000000000000000000000000000000         4.63579106136423648390474642207290992        0.463579106136423648390474642207287131         0.00000000000000000000000000000000000         5.09937016750066013229522106428019691      
   44.0000000000000000000000000000000000         0.00000000000000000000000000000000000         4.39599212946394849203231261291152233        0.439599212946394849203231261291156971         0.00000000000000000000000000000000000         4.83559134241034334123554387420267950      
   45.0000000000000000000000000000000000         0.00000000000000000000000000000000000         4.16822641199336638976736416494848815        0.416822641199336638976736416494845993         0.00000000000000000000000000000000000         4.58504905319270302874410058144333381      
   46.0000000000000000000000000000000000         0.00000000000000000000000000000000000         3.95195365195320258027884437776855193        0.395195365195320258027884437776847721         0.00000000000000000000000000000000000         4.34714901714852283830672881554539984      
   47.0000000000000000000000000000000000         0.00000000000000000000000000000000000         3.74665345297308254851637508462384612        0.374665345297308254851637508462397111         0.00000000000000000000000000000000000         4.12131879827039080336801259308624294      
   48.0000000000000000000000000000000000         0.00000000000000000000000000000000000         3.55182460023643793893575273856246208        0.355182460023643793893575273856245582         0.00000000000000000000000000000000000         3.90700706026008173282932801241870771      
   49.0000000000000000000000000000000000         0.00000000000000000000000000000000000         3.36698440035512790862318963765818131        0.336698440035512790862318963765818256         0.00000000000000000000000000000000000         3.70368284039064069948550860142399952      
   50.0000000000000000000000000000000000         0.00000000000000000000000000000000000         3.19166804018491556308896062890128946        0.319166804018491556308896062890133944         0.00000000000000000000000000000000000         3.51083484420340711939785669179142346      
   51.0000000000000000000000000000000000         0.00000000000000000000000000000000000         3.02542796455953902847206559827970771        0.302542796455953902847206559827965561         0.00000000000000000000000000000000000         3.32797076101549293131927215810767313      
   52.0000000000000000000000000000000000         0.00000000000000000000000000000000000         2.86783327290759755959964445398278791        0.286783327290759755959964445398277808         0.00000000000000000000000000000000000         3.15461660019835731555960889938106562      
   53.0000000000000000000000000000000000         0.00000000000000000000000000000000000         2.71846913470277074941714779849051071        0.271846913470277074941714779849057484         0.00000000000000000000000000000000000         2.99031604817304782435886257833956829      
   54.0000000000000000000000000000000000         0.00000000000000000000000000000000000         2.57693622368396988281094038028265497        0.257693622368396988281094038028259623         0.00000000000000000000000000000000000         2.83462984605236687109203441831091450      
   55.0000000000000000000000000000000000         0.00000000000000000000000000000000000         2.44285017076786708001815122088190086        0.244285017076786708001815122088191988         0.00000000000000000000000000000000000         2.68713518784465378801996634297009268      
   56.0000000000000000000000000000000000         0.00000000000000000000000000000000000         2.31584103556185632742231570575128718        0.231584103556185632742231570575132979         0.00000000000000000000000000000000000         2.54742513911804196016454727632642014      
   57.0000000000000000000000000000000000         0.00000000000000000000000000000000000         2.19555279637087908539016561475349028        0.219555279637087908539016561475347299         0.00000000000000000000000000000000000         2.41510807600796699392918217622883765      
   58.0000000000000000000000000000000000         0.00000000000000000000000000000000000         2.08164285857671447448743875870814938        0.208164285857671447448743875870816007         0.00000000000000000000000000000000000         2.28980714443438592193618263457896543      
   59.0000000000000000000000000000000000         0.00000000000000000000000000000000000         1.97378158125331726631352555689690217        0.197378158125331726631352555689690742         0.00000000000000000000000000000000000         2.17115973937864899294487811258659289      
   60.0000000000000000000000000000000000         0.00000000000000000000000000000000000         1.87165182186662027375747444527404855        0.187165182186662027375747444527401981         0.00000000000000000000000000000000000         2.05881700405328230113322188980145046      
   61.0000000000000000000000000000000000         0.00000000000000000000000000000000000         1.77494849889194105024017475733780130        0.177494849889194105024017475733782798         0.00000000000000000000000000000000000         1.95244334878113515526419223307158405      
   62.0000000000000000000000000000000000         0.00000000000000000000000000000000000         1.68337817216679009387997416021211112        0.168337817216679009387997416021210890         0.00000000000000000000000000000000000         1.85171598938346910326797157623332196      
   63.0000000000000000000000000000000000         0.00000000000000000000000000000000000         1.59665864078151602775366316151552540        0.159665864078151602775366316151554875         0.00000000000000000000000000000000000         1.75632450485966763052902947766708034      
   64.0000000000000000000000000000000000         0.00000000000000000000000000000000000         1.51451855829489138815059563143936286        0.151451855829489138815059563143933479         0.00000000000000000000000000000000000         1.66597041412438052696565519458329641      
   65.0000000000000000000000000000000000         0.00000000000000000000000000000000000         1.43669706504649047962371547950726091        0.143669706504649047962371547950722321         0.00000000000000000000000000000000000         1.58036677155113952758608702745798321      
   66.0000000000000000000000000000000000         0.00000000000000000000000000000000000         1.36294343732258803239932610949907909        0.136294343732258803239932610949912647         0.00000000000000000000000000000000000         1.49923778105484683563925872044899174      
   67.0000000000000000000000000000000000         0.00000000000000000000000000000000000         1.29301675311736314001127924715293645        0.129301675311736314001127924715292056         0.00000000000000000000000000000000000         1.42231842842909945401240717186822855      
   68.0000000000000000000000000000000000         0.00000000000000000000000000000000000         1.22668557421647474466019343928953697        0.122668557421647474466019343928955149         0.00000000000000000000000000000000000         1.34935413163812221912621278321849204      
   69.0000000000000000000000000000000000         0.00000000000000000000000000000000000         1.16372764431562835592468681176955438        0.116372764431562835592468681176953392         0.00000000000000000000000000000000000         1.28010040874719119151715549294650780      
   70.0000000000000000000000000000000000         0.00000000000000000000000000000000000         1.10392960287262184175788088216668216        0.110392960287262184175788088216667999         0.00000000000000000000000000000000000         1.21432256315988402593366897038335008      
   71.0000000000000000000000000000000000         0.00000000000000000000000000000000000         1.04708671437758126373857306053310609        0.104708671437758126373857306053311016         0.00000000000000000000000000000000000         1.15179538581533939011243036658641705      
   72.0000000000000000000000000000000000         0.00000000000000000000000000000000000        0.993002612712712915360522480731724211         9.93002612712712915360522480731715014E-0002   0.00000000000000000000000000000000000         1.09230287398398420689657472880489569      
   73.0000000000000000000000000000000000         0.00000000000000000000000000000000000        0.941489060259938630290912591177207026         9.41489060259938630290912591177219352E-0002   0.00000000000000000000000000000000000         1.03563796628593249332000385029492891      
   74.0000000000000000000000000000000000         0.00000000000000000000000000000000000        0.892365721402278147586303404616359188         8.92365721402278147586303404616348716E-0002   0.00000000000000000000000000000000000        0.981602293542505962344933745077994096      
   75.0000000000000000000000000000000000         0.00000000000000000000000000000000000        0.845459950052821254717456066310158431         8.45459950052821254717456066310164017E-0002   0.00000000000000000000000000000000000        0.930005945058103380189201672941174881      
   76.0000000000000000000000000000000000         0.00000000000000000000000000000000000        0.800606590833616230738439605391969364         8.00606590833616230738439605391966909E-0002   0.00000000000000000000000000000000000        0.880667249916977853812283565931166079      
   77.0000000000000000000000000000000000         0.00000000000000000000000000000000000        0.757647793515808673470862873762359550         7.57647793515808673470862873762343902E-0002   0.00000000000000000000000000000000000        0.833412572867389540817949161138593964      
   78.0000000000000000000000000000000000         0.00000000000000000000000000000000000        0.716432840321911274128457656733338996         7.16432840321911274128457656733352863E-0002   0.00000000000000000000000000000000000        0.788076124354102401541303422406674330      
   79.0000000000000000000000000000000000         0.00000000000000000000000000000000000        0.676817985681181985519542223946766556         6.76817985681181985519542223946755096E-0002   0.00000000000000000000000000000000000        0.744499784249300184071496446341442017      
   80.0000000000000000000000000000000000         0.00000000000000000000000000000000000        0.638666308019743219357167211254016505         6.38666308019743219357167211254015638E-0002   0.00000000000000000000000000000000000        0.702532938821717541292883932379418069      
   81.0000000000000000000000000000000000         0.00000000000000000000000000000000000        0.601847573158292642224129589138766785         6.01847573158292642224129589138769902E-0002   0.00000000000000000000000000000000000        0.662032330474121906446542548052643733      
   82.0000000000000000000000000000000000         0.00000000000000000000000000000000000        0.566238108882037927256894839746964489         5.66238108882037927256894839746966607E-0002   0.00000000000000000000000000000000000        0.622861919770241719982584323721661149      
   83.0000000000000000000000000000000000         0.00000000000000000000000000000000000        0.531720690239831392422798353782917953         5.31720690239831392422798353782919747E-0002   0.00000000000000000000000000000000000        0.584892759263814531665078189161209922      
   84.0000000000000000000000000000000000         0.00000000000000000000000000000000000        0.498184435122380738944136215963610570         4.98184435122380738944136215963610052E-0002   0.00000000000000000000000000000000000        0.548002878634618812838549837559971593      
   85.0000000000000000000000000000000000         0.00000000000000000000000000000000000        0.465524709662861182801079210440377685         4.65524709662861182801079210440379948E-0002   0.00000000000000000000000000000000000        0.512077180629147301081187131484415631      
   86.0000000000000000000000000000000000         0.00000000000000000000000000000000000        0.433643042997241583567150036518381246         4.33643042997241583567150036518376082E-0002   0.00000000000000000000000000000000000        0.477007347296965741923865040170218836      
   87.0000000000000000000000000000000000         0.00000000000000000000000000000000000        0.402447050916149686988822561083553003         4.02447050916149686988822561083555603E-0002   0.00000000000000000000000000000000000        0.442691756007764655687704817191908540      
   88.0000000000000000000000000000000000         0.00000000000000000000000000000000000        0.371850367935124001243565484446549762         3.71850367935124001243565484446547957E-0002   0.00000000000000000000000000000000000        0.409035404728636401367922032891204570      
   89.0000000000000000000000000000000000         0.00000000000000000000000000000000000        0.341772587305614721555357817967431855         3.41772587305614721555357817967439715E-0002   0.00000000000000000000000000000000000        0.375949846036176193710893599764175845      
   90.0000000000000000000000000000000000         0.00000000000000000000000000000000000        0.312139208485084198589097504743807615         3.12139208485084198589097504743804245E-0002   0.00000000000000000000000000000000000        0.343353129333592618448007255218188064      
   91.0000000000000000000000000000000000         0.00000000000000000000000000000000000        0.282881591580997684389815716328252172         2.82881591580997684389815716328254116E-0002   0.00000000000000000000000000000000000        0.311169750739097452828797287961077562      
   92.0000000000000000000000000000000000         0.00000000000000000000000000000000000        0.253936918280364910864987670946414113         2.53936918280364910864987670946415859E-0002   0.00000000000000000000000000000000000        0.279330610108401401951486438041055693      
   93.0000000000000000000000000000000000         0.00000000000000000000000000000000000        0.225248158773768509498077804946729323         2.25248158773768509498077804946726025E-0002   0.00000000000000000000000000000000000        0.247772974651145360447885585441401938      
   94.0000000000000000000000000000000000         0.00000000000000000000000000000000000        0.196764044180471204305594667696404783         1.96764044180471204305594667696406654E-0002   0.00000000000000000000000000000000000        0.216440448598518324736154134466045439      
   95.0000000000000000000000000000000000         0.00000000000000000000000000000000000        0.168439043979203882955270256381509039         1.68439043979203882955270256381508076E-0002   0.00000000000000000000000000000000000        0.185282948377124271250797282019659858      
   96.0000000000000000000000000000000000         0.00000000000000000000000000000000000        0.140233347947573942418095988464778217         1.40233347947573942418095988464778476E-0002   0.00000000000000000000000000000000000        0.154256682742331336659905587311256067      
   97.0000000000000000000000000000000000         0.00000000000000000000000000000000000        0.112112852111669810228021655312791566         1.12112852111669810228021655312792724E-0002   0.00000000000000000000000000000000000        0.123324137322836791250823820844070837      
   98.0000000000000000000000000000000000         0.00000000000000000000000000000000000         8.40491482063447074228619282253909396E-0002   8.40491482063447074228619282253913639E-0003   0.00000000000000000000000000000000000         9.24540630269791781651481210479300805E-0002
   99.0000000000000000000000000000000000         0.00000000000000000000000000000000000         5.60195161458114600590703630075132235E-0002   5.60195161458114600590703630075122214E-0003   0.00000000000000000000000000000000000         6.16214677603926060649773993082644471E-0002
   100.000000000000000000000000000000000         0.00000000000000000000000000000000000         2.80069190035409720538563216637753939E-0002   2.80069190035409720538563216637751306E-0003   0.00000000000000000000000000000000000         3.08076109038950692592419538301529077E-0002
   101.000000000000000000000000000000000         0.00000000000000000000000000000000000         0.00000000000000000000000000000000000         0.00000000000000000000000000000000000         0.00000000000000000000000000000000000         0.00000000000000000000000000000000000      
