   0.00000000000000000000000000000000000         0.00000000000000000000000000000000000         3.15576004213391492214668687665835023E-0003   29.6755699829365301924749676995861159         0.00000000000000000000000000000000000         29.6787257429786641073971143864627742      
   1.00000000000000000000000000000000000         0.00000000000000000000000000000000000         3.15576004213391492214668687665835023E-0003   25.6970634874917552543589478776642082         0.00000000000000000000000000000000000         25.7002192475338891692810945645408666      
   2.00000000000000000000000000000000000         0.00000000000000000000000000000000000         3.15576004213391492214668687665835023E-0003   22.2760429889447145069351517875982507         0.00000000000000000000000000000000000         22.2791987489868484218572984744749091      
   3.00000000000000000000000000000000000         0.00000000000000000000000000000000000         3.15576004213391492214668687665835023E-0003   19.3504935885033309140862321826451859         0.00000000000000000000000000000000000         19.3536493485454648290083788695218442      
   4.00000000000000000000000000000000000         0.00000000000000000000000000000000000         3.15576004213391492214668687665835023E-0003   16.8637705363459772485307452005349453         0.00000000000000000000000000000000000         16.8669262963881111634528918874116037      
   5.00000000000000000000000000000000000         0.00000000000000000000000000000000000         3.15576004213391492214668687665835023E-0003   14.7643612595015681337267879164328682         0.00000000000000000000000000000000000         14.7675170195437020486489346033095265      
   6.00000000000000000000000000000000000         0.00000000000000000000000000000000000         3.15576004213391492214668687665835023E-0003   13.0055579252895721236805830923045366         0.00000000000000000000000000000000000         13.0087136853317060386027297791811950      
   7.00000000000000000000000000000000000         0.00000000000000000000000000000000000         3.15576004213391492214668687665835023E-0003   11.5450591319539189300712596992118582         0.00000000000000000000000000000000000         11.5482148919960528449934063860885165      
   8.00000000000000000000000000000000000         0.00000000000000000000000000000000000         3.15576004213391492214668687665835023E-0003   10.3445179150070644823246085385622643         0.00000000000000000000000000000000000         10.3476736750491983972467552254389227      
   9.00000000000000000000000000000000000         0.00000000000000000000000000000000000         3.15576004213391492214668687665835023E-0003   9.36905144103645215648182652657263213         0.00000000000000000000000000000000000         9.37220720107858607140397321344929048      
   10.0000000000000000000000000000000000         0.00000000000000000000000000000000000         1.45444679566203072333679600106660481         7.13543458423060360694586773539641329         0.00000000000000000000000000000000000         8.58988137989263433028266373646301772      
   11.0000000000000000000000000000000000         0.00000000000000000000000000000000000         7.24652842987358806539776914903979281        0.724652842987358806539776914903970865         0.00000000000000000000000000000000000         7.97118127286094687193754606394376339      
   12.0000000000000000000000000000000000         0.00000000000000000000000000000000000         6.72113945433446818266861414646668801        0.672113945433446818266861414646677352         0.00000000000000000000000000000000000         7.39325339976791500093547556111336575      
   13.0000000000000000000000000000000000         0.00000000000000000000000000000000000         6.23064403734238484809084217065737127        0.623064403734238484809084217065734180         0.00000000000000000000000000000000000         6.85370844107662333289992638772310555      
   14.0000000000000000000000000000000000         0.00000000000000000000000000000000000         5.77297753632372695177814338029181894        0.577297753632372695177814338029183994         0.00000000000000000000000000000000000         6.35027528995609964695595771832100284      
   15.0000000000000000000000000000000000         0.00000000000000000000000000000000000         5.34617882320146108515529709216249183        0.534617882320146108515529709216251609         0.00000000000000000000000000000000000         5.88079670552160719367082680137874363      
   16.0000000000000000000000000000000000         0.00000000000000000000000000000000000         4.94838638233835335418196991849936909        0.494838638233835335418196991849929851         0.00000000000000000000000000000000000         5.44322502057218868960016691034929861      
   17.0000000000000000000000000000000000         0.00000000000000000000000000000000000         4.57783446631399244964744492662564891        0.457783446631399244964744492662569369         0.00000000000000000000000000000000000         5.03561791294539169461218941928821804      
   18.0000000000000000000000000000000000         0.00000000000000000000000000000000000         4.23284931667651832357309785230842804        0.423284931667651832357309785230840781         0.00000000000000000000000000000000000         4.65613424834417015593040763753926891      
   19.0000000000000000000000000000000000         0.00000000000000000000000000000000000         3.91184545576836536597759573494308390        0.391184545576836536597759573494309430         0.00000000000000000000000000000000000         4.30303000134520190257535530843739314      
   20.0000000000000000000000000000000000         0.00000000000000000000000000000000000         3.61332205478635180835222923233437020        0.361332205478635180835222923233437550         0.00000000000000000000000000000000000         3.97465426026498698918745215556780780      
   21.0000000000000000000000000000000000         0.00000000000000000000000000000000000         3.33585938239365106501502750023973160        0.333585938239365106501502750023974662         0.00000000000000000000000000000000000         3.66944532063301617151653025026370626      
   22.0000000000000000000000000000000000         0.00000000000000000000000000000000000         3.07811533744764997740884654944644145        0.307811533744764997740884654944641940         0.00000000000000000000000000000000000         3.38592687119241497514973120439108325      
   23.0000000000000000000000000000000000         0.00000000000000000000000000000000000         2.83882206873624990044046148219641763        0.283882206873624990044046148219642485         0.00000000000000000000000000000000000         3.12270427560987489048450763041605997      
   24.0000000000000000000000000000000000         0.00000000000000000000000000000000000         2.61678268401853571542481344581629898        0.261678268401853571542481344581630389         0.00000000000000000000000000000000000         2.87846095242038928696729479039792923      
   25.0000000000000000000000000000000000         0.00000000000000000000000000000000000         2.41086805013674389973427769459252852        0.241086805013674389973427769459254831         0.00000000000000000000000000000000000         2.65195485515041828970770546405178338      
   26.0000000000000000000000000000000000         0.00000000000000000000000000000000000         2.22001368549814076235352213274686340        0.222001368549814076235352213274682700         0.00000000000000000000000000000000000         2.44201505404795483858887434602154619      
   27.0000000000000000000000000000000000         0.00000000000000000000000000000000000         2.04321674581114108295252151119376953        0.204321674581114108295252151119379963         0.00000000000000000000000000000000000         2.24753842039225519124777366231314938      
   28.0000000000000000000000000000000000         0.00000000000000000000000000000000000         1.87953310359353369621451269950263744        0.187953310359353369621451269950262068         0.00000000000000000000000000000000000         2.06748641395288706583596396945289932      
   29.0000000000000000000000000000000000         0.00000000000000000000000000000000000         1.72807452164628580109423742911747540        0.172807452164628580109423742911747295         0.00000000000000000000000000000000000         1.90088197381091438120366117202922267      
   30.0000000000000000000000000000000000         0.00000000000000000000000000000000000         1.58800592039883667506113546034562116        0.158800592039883667506113546034560691         0.00000000000000000000000000000000000         1.74680651243872034256724900638018175      
   31.0000000000000000000000000000000000         0.00000000000000000000000000000000000         1.45854273877636165327663430469428757        0.145854273877636165327663430469431285         0.00000000000000000000000000000000000         1.60439701265399781860429773516371883      
   32.0000000000000000000000000000000000         0.00000000000000000000000000000000000         1.33894838801202235833121249444588631        0.133894838801202235833121249444588289         0.00000000000000000000000000000000000         1.47284322681322459416433374389047457      
   33.0000000000000000000000000000000000         0.00000000000000000000000000000000000         1.22853179762407800510896355194614162        0.122853179762407800510896355194614049         0.00000000000000000000000000000000000         1.35138497738648580561985990714075561      
   34.0000000000000000000000000000000000         0.00000000000000000000000000000000000         1.12664505259577660270160267605074555        0.112664505259577660270160267605074909         0.00000000000000000000000000000000000         1.23930955785535426297176294365582038      
   35.0000000000000000000000000000000000         0.00000000000000000000000000000000000         1.03268112063250679060765674838050781        0.103268112063250679060765674838050639         0.00000000000000000000000000000000000         1.13594923269575746966842242321855853      
   36.0000000000000000000000000000000000         0.00000000000000000000000000000000000        0.946071668223537025129436978366529558         9.46071668223537025129436978366529798E-0002   0.00000000000000000000000000000000000         1.04067883504589072764238067620318247      
   37.0000000000000000000000000000000000         0.00000000000000000000000000000000000        0.866284964102956077026303108500149084         8.66284964102956077026303108500147929E-0002   0.00000000000000000000000000000000000        0.952913460513251684728933419350163877      
   38.0000000000000000000000000000000000         0.00000000000000000000000000000000000        0.792823868584660771208981133522770377         7.92823868584660771208981133522759062E-0002   0.00000000000000000000000000000000000        0.872106255443126848329879246875046308      
   39.0000000000000000000000000000000000         0.00000000000000000000000000000000000        0.725223907138217695782003220016937801         7.25223907138217695782003220016946756E-0002   0.00000000000000000000000000000000000        0.797746297852039465360203542018632476      
   40.0000000000000000000000000000000000         0.00000000000000000000000000000000000        0.663051426475214959607152150257130116         6.63051426475214959607152150257132258E-0002   0.00000000000000000000000000000000000        0.729356569122736455567867365282843329      
   41.0000000000000000000000000000000000         0.00000000000000000000000000000000000        0.605901831328590054900165695802269905         6.05901831328590054900165695802267305E-0002   0.00000000000000000000000000000000000        0.666492014461449060390182265382496588      
   42.0000000000000000000000000000000000         0.00000000000000000000000000000000000        0.553397900029814234095400100149793060         5.53397900029814234095400100149797164E-0002   0.00000000000000000000000000000000000        0.608737690032795657504940110164772818      
   43.0000000000000000000000000000000000         0.00000000000000000000000000000000000        0.505188176920310586582965146502367977         5.05188176920310586582965146502366918E-0002   0.00000000000000000000000000000000000        0.555706994612341645241261661152604621      
   44.0000000000000000000000000000000000         0.00000000000000000000000000000000000        0.460945439573760893227638658937393526         4.60945439573760893227638658937396054E-0002   0.00000000000000000000000000000000000        0.507039983531136982550402524831133168      
   45.0000000000000000000000000000000000         0.00000000000000000000000000000000000        0.420365238754765014400736435861359260         4.20365238754765014400736435861359886E-0002   0.00000000000000000000000000000000000        0.462401762630241515840810079447495225      
   46.0000000000000000000000000000000000         0.00000000000000000000000000000000000        0.383164508996451098555874165544725599         3.83164508996451098555874165544723469E-0002   0.00000000000000000000000000000000000        0.421480959896096208411461582099197952      
   47.0000000000000000000000000000000000         0.00000000000000000000000000000000000        0.349080247644914224472078260796836700         3.49080247644914224472078260796836219E-0002   0.00000000000000000000000000000000000        0.383988272409405646919286086876520322      
   48.0000000000000000000000000000000000         0.00000000000000000000000000000000000        0.317868260191610412159207912111834618         3.17868260191610412159207912111835677E-0002   0.00000000000000000000000000000000000        0.349655086210771453375128703323018162      
   49.0000000000000000000000000000000000         0.00000000000000000000000000000000000        0.289301969695869786338477324665665089         2.89301969695869786338477324665664012E-0002   0.00000000000000000000000000000000000        0.318232166665456764972325057132231487      
   50.0000000000000000000000000000000000         0.00000000000000000000000000000000000        0.263171288088316379494697669846644878         2.63171288088316379494697669846645540E-0002   0.00000000000000000000000000000000000        0.289488416897148017444167436831309438      
   51.0000000000000000000000000000000000         0.00000000000000000000000000000000000        0.239281547141966270591989694963674140         2.39281547141966270591989694963674423E-0002   0.00000000000000000000000000000000000        0.263209701856162897651188664460041585      
   52.0000000000000000000000000000000000         0.00000000000000000000000000000000000        0.217452486900863682886327107786178081         2.17452486900863682886327107786178623E-0002   0.00000000000000000000000000000000000        0.239197735590950051174959818564795937      
   53.0000000000000000000000000000000000         0.00000000000000000000000000000000000        0.197517299366016658491121083236657055         1.97517299366016658491121083236655309E-0002   0.00000000000000000000000000000000000        0.217269029302618324340233191560322579      
   54.0000000000000000000000000000000000         0.00000000000000000000000000000000000        0.179321725254787025842451720675624768         1.79321725254787025842451720675625273E-0002   0.00000000000000000000000000000000000        0.197253897780265728426696892743187295      
   55.0000000000000000000000000000000000         0.00000000000000000000000000000000000        0.162723201672418482177746871185709847         1.62723201672418482177746871185710166E-0002   0.00000000000000000000000000000000000        0.178995521839660330395521558304280861      
   56.0000000000000000000000000000000000         0.00000000000000000000000000000000000        0.147590058562666965828299425348959240         1.47590058562666965828299425348959872E-0002   0.00000000000000000000000000000000000        0.162349064418933662411129367883855224      
   57.0000000000000000000000000000000000         0.00000000000000000000000000000000000        0.133800761838118125210849682443621258         1.33800761838118125210849682443619946E-0002   0.00000000000000000000000000000000000        0.147180838021929937731934650687983246      
   58.0000000000000000000000000000000000         0.00000000000000000000000000000000000        0.121243201129304597038964072191223330         1.21243201129304597038964072191224046E-0002   0.00000000000000000000000000000000000        0.133367521242235056742860479410345744      
   59.0000000000000000000000000000000000         0.00000000000000000000000000000000000        0.109814020134720574752555339318751154         1.09814020134720574752555339318751370E-0002   0.00000000000000000000000000000000000        0.120795422148192632227810873250626285      
   60.0000000000000000000000000000000000         0.00000000000000000000000000000000000         9.94179876008098505741603219572768507E-0002   9.94179876008098505741603219572762399E-0003   0.00000000000000000000000000000000000        0.109359786360890835631576354153004473      
   61.0000000000000000000000000000000000         0.00000000000000000000000000000000000         8.99674070115056629476532695052789598E-0002   8.99674070115056629476532695052795436E-0003   0.00000000000000000000000000000000000         9.89641477126562292424185964558069111E-0002
   62.0000000000000000000000000000000000         0.00000000000000000000000000000000000         8.13815631204531102862516298097615865E-0002   8.13815631204531102862516298097607710E-0003   0.00000000000000000000000000000000000         8.95197194324984213148767927907376681E-0002
   63.0000000000000000000000000000000000         0.00000000000000000000000000000000000         7.35862035151764440738347255142203198E-0002   7.35862035151764440738347255142206162E-0003   0.00000000000000000000000000000000000         8.09448238666940884812181980656423867E-0002
   64.0000000000000000000000000000000000         0.00000000000000000000000000000000000         6.65130534606994718785180867180400402E-0002   6.65130534606994718785180867180401274E-0003   0.00000000000000000000000000000000000         7.31643588067694190663698953898440574E-0002
   65.0000000000000000000000000000000000         0.00000000000000000000000000000000000         6.00993623300332589682903651808180612E-0002   6.00993623300332589682903651808180341E-0003   0.00000000000000000000000000000000000         6.61092985630365848651194016988998691E-0002
   66.0000000000000000000000000000000000         0.00000000000000000000000000000000000         5.42874799900710477884964593133534527E-0002   5.42874799900710477884964593133530238E-0003   0.00000000000000000000000000000000000         5.97162279890781525673461052446887528E-0002
   67.0000000000000000000000000000000000         0.00000000000000000000000000000000000         4.90244615733527919392344925460408800E-0002   4.90244615733527919392344925460413239E-0003   0.00000000000000000000000000000000000         5.39269077306880711331579418006450132E-0002
   68.0000000000000000000000000000000000         0.00000000000000000000000000000000000         4.42616991284778769924425204715496848E-0002   4.42616991284778769924425204715497074E-0003   0.00000000000000000000000000000000000         4.86878690413256646916867725187046533E-0002
   69.0000000000000000000000000000000000         0.00000000000000000000000000000000000         3.99545787042736861769058119569575942E-0002   3.99545787042736861769058119569576694E-0003   0.00000000000000000000000000000000000         4.39500365747010547945963931526533626E-0002
   70.0000000000000000000000000000000000         0.00000000000000000000000000000000000         3.60621614848129782817855231145981412E-0002   3.60621614848129782817855231145981698E-0003   0.00000000000000000000000000000000000         3.96683776332942761099640754260579559E-0002
   71.0000000000000000000000000000000000         0.00000000000000000000000000000000000         3.25468876536834132116982399400043482E-0002   3.25468876536834132116982399400043430E-0003   0.00000000000000000000000000000000000         3.58015764190517545328680639340047837E-0002
   72.0000000000000000000000000000000000         0.00000000000000000000000000000000000         2.93743017262433663888582553619673105E-0002   2.93743017262433663888582553619672887E-0003   0.00000000000000000000000000000000000         3.23117318988677030277440808981640383E-0002
   73.0000000000000000000000000000000000         0.00000000000000000000000000000000000         2.65127981476719941652496700116255474E-0002   2.65127981476719941652496700116254346E-0003   0.00000000000000000000000000000000000         2.91640779624391935817746370127880917E-0002
   74.0000000000000000000000000000000000         0.00000000000000000000000000000000000         2.39333860121884446371928158942520346E-0002   2.39333860121884446371928158942519639E-0003   0.00000000000000000000000000000000000         2.63267246134072891009120974836772318E-0002
   75.0000000000000000000000000000000000         0.00000000000000000000000000000000000         2.16094718146527856080730529884740744E-0002   2.16094718146527856080730529884740632E-0003   0.00000000000000000000000000000000000         2.37704189961180641688803582873214819E-0002
   76.0000000000000000000000000000000000         0.00000000000000000000000000000000000         1.95166591996745689426946010216588062E-0002   1.95166591996745689426946010216589006E-0003   0.00000000000000000000000000000000000         2.14683251196420258369640611238246965E-0002
   77.0000000000000000000000000000000000         0.00000000000000000000000000000000000         1.76325647251757061548594534323556646E-0002   1.76325647251757061548594534323555161E-0003   0.00000000000000000000000000000000000         1.93958211976932767703453987755912176E-0002
   78.0000000000000000000000000000000000         0.00000000000000000000000000000000000         1.59366487069403681160064061446314888E-0002   1.59366487069403681160064061446315561E-0003   0.00000000000000000000000000000000000         1.75303135776344049276070467590946431E-0002
   79.0000000000000000000000000000000000         0.00000000000000000000000000000000000         1.44100602579191097733258077936961572E-0002   1.44100602579191097733258077936961328E-0003   0.00000000000000000000000000000000000         1.58510662837110207506583885730657699E-0002
   80.0000000000000000000000000000000000         0.00000000000000000000000000000000000         1.30354956808448390994036048505129220E-0002   1.30354956808448390994036048505127967E-0003   0.00000000000000000000000000000000000         1.43390452489293230093439653355642018E-0002
   81.0000000000000000000000000000000000         0.00000000000000000000000000000000000         1.17970694149953014627574229632504287E-0002   1.17970694149953014627574229632504554E-0003   0.00000000000000000000000000000000000         1.29767763564948316090331652595754737E-0002
   82.0000000000000000000000000000000000         0.00000000000000000000000000000000000         1.06801967776531878202252552650579571E-0002   1.06801967776531878202252552650579804E-0003   0.00000000000000000000000000000000000         1.17482164554185066022477807915637555E-0002
   83.0000000000000000000000000000000000         0.00000000000000000000000000000000000         9.67148777794436080365109278917444031E-0003   9.67148777794436080365109278917442376E-0004   0.00000000000000000000000000000000000         1.06386365557387968840162020680918834E-0002
   84.0000000000000000000000000000000000         0.00000000000000000000000000000000000         8.75865131527012308340303003461048119E-0003   8.75865131527012308340303003461053046E-0004   0.00000000000000000000000000000000000         9.63451644679713539174333303807153442E-0003
   85.0000000000000000000000000000000000         0.00000000000000000000000000000000000         7.93040910650225372653294698097249779E-0003   7.93040910650225372653294698097249026E-0004   0.00000000000000000000000000000000000         8.72345001715247909918624167906974681E-0003
   86.0000000000000000000000000000000000         0.00000000000000000000000000000000000         7.17641871550795596496492269822773038E-0003   7.17641871550795596496492269822772135E-0004   0.00000000000000000000000000000000000         7.89406058705875156146141496805050251E-0003
   87.0000000000000000000000000000000000         0.00000000000000000000000000000000000         6.48720508545975192686888134341914148E-0003   6.48720508545975192686888134341909446E-0004   0.00000000000000000000000000000000000         7.13592559400572711955576947776105111E-0003
   88.0000000000000000000000000000000000         0.00000000000000000000000000000000000         5.85409999882090777545391769306473318E-0003   5.85409999882090777545391769306476911E-0004   0.00000000000000000000000000000000000         6.43950999870299855299930946237120981E-0003
   89.0000000000000000000000000000000000         0.00000000000000000000000000000000000         5.26918891195141803364310024522216379E-0003   5.26918891195141803364310024522214461E-0004   0.00000000000000000000000000000000000         5.79610780314655983700741026974437844E-0003
   90.0000000000000000000000000000000000         0.00000000000000000000000000000000000         4.72526463103599491594139785982601229E-0003   4.72526463103599491594139785982603157E-0004   0.00000000000000000000000000000000000         5.19779109413959440753553764580861578E-0003
   91.0000000000000000000000000000000000         0.00000000000000000000000000000000000         4.21578731358761839418836497084296155E-0003   4.21578731358761839418836497084296625E-0004   0.00000000000000000000000000000000000         4.63736604494638023360720146792725845E-0003
   92.0000000000000000000000000000000000         0.00000000000000000000000000000000000         3.73485029523123583440886100411004093E-0003   3.73485029523123583440886100411003538E-0004   0.00000000000000000000000000000000000         4.10833532475435941784974710452104423E-0003
   93.0000000000000000000000000000000000         0.00000000000000000000000000000000000         3.27715125493381102768843608533063865E-0003   3.27715125493381102768843608533061298E-0004   0.00000000000000000000000000000000000         3.60486638042719213045727969386370000E-0003
   94.0000000000000000000000000000000000         0.00000000000000000000000000000000000         2.83796824343816224949659889865918096E-0003   2.83796824343816224949659889865921848E-0004   0.00000000000000000000000000000000000         3.12176506778197847444625878852510286E-0003
   95.0000000000000000000000000000000000         0.00000000000000000000000000000000000         2.41314010950437685191421639551661777E-0003   2.41314010950437685191421639551660649E-0004   0.00000000000000000000000000000000000         2.65445412045481453710563803506827823E-0003
   96.0000000000000000000000000000000000         0.00000000000000000000000000000000000         1.99905086679504799789037092154991351E-0003   1.99905086679504799789037092154993406E-0004   0.00000000000000000000000000000000000         2.19895595347455279767940801370490708E-0003
   97.0000000000000000000000000000000000         0.00000000000000000000000000000000000         1.59261755099483201810826727655247282E-0003   1.59261755099483201810826727655247663E-0004   0.00000000000000000000000000000000000         1.75187930609431521991909400420772046E-0003
   98.0000000000000000000000000000000000         0.00000000000000000000000000000000000         1.19128112217046522445098924696570893E-0003   1.19128112217046522445098924696569470E-0004   0.00000000000000000000000000000000000         1.31040923438751174689608817166227841E-0003
   99.0000000000000000000000000000000000         0.00000000000000000000000000000000000         7.92999971597201299067374641628639841E-0004   7.92999971597201299067374641628643344E-0005   0.00000000000000000000000000000000000         8.72299968756921428974112105791504211E-0004
   100.000000000000000000000000000000000         0.00000000000000000000000000000000000         3.96245595446993076900626999092056146E-0004   3.96245595446993076900626999092057181E-0005   0.00000000000000000000000000000000000         4.35870154991692384590689699001261841E-0004
   101.000000000000000000000000000000000         0.00000000000000000000000000000000000         0.00000000000000000000000000000000000         0.00000000000000000000000000000000000         0.00000000000000000000000000000000000         0.00000000000000000000000000000000000      
