   0.00000000000000000000000000000000000         0.00000000000000000000000000000000000         3.15576004213391492214668687665835023E-0003   117.670645282850100966254916485090010         0.00000000000000000000000000000000000         117.673801042892234881177063171966668      
   1.00000000000000000000000000000000000         0.00000000000000000000000000000000000         3.15576004213391492214668687665835023E-0003   109.448937304996414483031920073381165         0.00000000000000000000000000000000000         109.452093065038548397954066760257823      
   2.00000000000000000000000000000000000         0.00000000000000000000000000000000000         3.15576004213391492214668687665835023E-0003   101.817601294343977878246075964454185         0.00000000000000000000000000000000000         101.820757054386111793168222651330844      
   3.00000000000000000000000000000000000         0.00000000000000000000000000000000000         3.15576004213391492214668687665835023E-0003   94.7433517019013334496794164338710350         0.00000000000000000000000000000000000         94.7465074619434673646015631207476934      
   4.00000000000000000000000000000000000         0.00000000000000000000000000000000000         3.15576004213391492214668687665835023E-0003   88.1942441046379523298922358653572161         0.00000000000000000000000000000000000         88.1973998646800862448143825522338744      
   5.00000000000000000000000000000000000         0.00000000000000000000000000000000000         3.15576004213391492214668687665835023E-0003   82.1396709323110055962044278491018102         0.00000000000000000000000000000000000         82.1428266923531395111265745359784685      
   6.00000000000000000000000000000000000         0.00000000000000000000000000000000000         3.15576004213391492214668687665835023E-0003   76.5503529267502629707707438316627209         0.00000000000000000000000000000000000         76.5535086867923968856928905185393793      
   7.00000000000000000000000000000000000         0.00000000000000000000000000000000000         3.15576004213391492214668687665835023E-0003   71.3983251847470915665332667123798737         0.00000000000000000000000000000000000         71.4014809447892254814554133992565321      
   8.00000000000000000000000000000000000         0.00000000000000000000000000000000000         3.15576004213391492214668687665835023E-0003   66.6569169219436441865785639006170463         0.00000000000000000000000000000000000         66.6600726819857781015007105874937046      
   9.00000000000000000000000000000000000         0.00000000000000000000000000000000000         3.15576004213391492214668687665835023E-0003   62.3007244083105764665394560437164687         0.00000000000000000000000000000000000         62.3038801683527103814616027305931271      
   10.0000000000000000000000000000000000         0.00000000000000000000000000000000000         3.15576004213391492214668687665835023E-0003   58.3055768392580520797858657339185330         0.00000000000000000000000000000000000         58.3087325993001859947080124207951913      
   11.0000000000000000000000000000000000         0.00000000000000000000000000000000000         3.15576004213391492214668687665835023E-0003   54.6484951991259768544102132042635907         0.00000000000000000000000000000000000         54.6516509591681107693323598911402491      
   12.0000000000000000000000000000000000         0.00000000000000000000000000000000000         3.15576004213391492214668687665835023E-0003   51.3076444304441746814837099729996867         0.00000000000000000000000000000000000         51.3108001904863085964058566598763450      
   13.0000000000000000000000000000000000         0.00000000000000000000000000000000000         3.15576004213391492214668687665835023E-0003   48.2622794330531899414508969314278542         0.00000000000000000000000000000000000         48.2654351930953238563730436183045125      
   14.0000000000000000000000000000000000         0.00000000000000000000000000000000000         3.15576004213391492214668687665835023E-0003   45.4926855768845109440662440416660591         0.00000000000000000000000000000000000         45.4958413369266448589883907285427174      
   15.0000000000000000000000000000000000         0.00000000000000000000000000000000000         3.15576004213391492214668687665835023E-0003   42.9801145199658068793970688680992928         0.00000000000000000000000000000000000         42.9832702800079407943192155549759512      
   16.0000000000000000000000000000000000         0.00000000000000000000000000000000000         3.15576004213391492214668687665835023E-0003   40.7067161813580905062081544993709385         0.00000000000000000000000000000000000         40.7098719414002244211303011862475968      
   17.0000000000000000000000000000000000         0.00000000000000000000000000000000000         3.15576004213391492214668687665835023E-0003   38.6554677319782896722227302229141682         0.00000000000000000000000000000000000         38.6586234920204235871448769097908266      
   18.0000000000000000000000000000000000         0.00000000000000000000000000000000000         3.15576004213391492214668687665835023E-0003   36.8101004409456337797546220514951892         0.00000000000000000000000000000000000         36.8132562009877676946767687383718476      
   19.0000000000000000000000000000000000         0.00000000000000000000000000000000000         3.15576004213391492214668687665835023E-0003   35.1550251584153585873403731568745505         0.00000000000000000000000000000000000         35.1581809184574925022625198437512089      
   20.0000000000000000000000000000000000         0.00000000000000000000000000000000000         3.15576004213391492214668687665835023E-0003   33.6752571352710950356430801519738813         0.00000000000000000000000000000000000         33.6784128953132289505652268388505396      
   21.0000000000000000000000000000000000         0.00000000000000000000000000000000000         9.27805794876227759315075733199491222         23.0814385939929911032597668807011150         0.00000000000000000000000000000000000         32.3594965427552686964105242126960257      
   22.0000000000000000000000000000000000         0.00000000000000000000000000000000000         28.3522096611531180397593340911723570         2.83522096611531180397593340911714094         0.00000000000000000000000000000000000         31.1874306272684298437352675002894987      
   23.0000000000000000000000000000000000         0.00000000000000000000000000000000000         27.3235323482781902636191215460994894         2.73235323482781902636191215460995741         0.00000000000000000000000000000000000         30.0558855831060092899810337007094460      
   24.0000000000000000000000000000000000         0.00000000000000000000000000000000000         26.3305919108040858895749848108663413         2.63305919108040858895749848108663821         0.00000000000000000000000000000000000         28.9636511018844944785324832919529806      
   25.0000000000000000000000000000000000         0.00000000000000000000000000000000000         25.3723129410423048455622904569550721         2.53723129410423048455622904569550043         0.00000000000000000000000000000000000         27.9095442351465353301185195026505710      
   26.0000000000000000000000000000000000         0.00000000000000000000000000000000000         24.4476443755315714132275985060085844         2.44476443755315714132275985060087277         0.00000000000000000000000000000000000         26.8924088130847285545503583566094579      
   27.0000000000000000000000000000000000         0.00000000000000000000000000000000000         23.5555589768237405028182350144952874         2.35555589768237405028182350144953598         0.00000000000000000000000000000000000         25.9111148745061145531000585159448242      
   28.0000000000000000000000000000000000         0.00000000000000000000000000000000000         22.6950528258007797992870581873198719         2.26950528258007797992870581873190976         0.00000000000000000000000000000000000         24.9645581083808577792157640060517805      
   29.0000000000000000000000000000000000         0.00000000000000000000000000000000000         21.8651448247780889052747613766531042         2.18651448247780889052747613766536588         0.00000000000000000000000000000000000         24.0516593072558977958022375143184716      
   30.0000000000000000000000000000000000         0.00000000000000000000000000000000000         21.0648762115969975467872746134464097         2.10648762115969975467872746134462548         0.00000000000000000000000000000000000         23.1713638327566973014660020747910340      
   31.0000000000000000000000000000000000         0.00000000000000000000000000000000000         20.2933100848613521104136589519031060         2.02933100848613521104136589519031630         0.00000000000000000000000000000000000         22.3226410933474873214550248470934231      
   32.0000000000000000000000000000000000         0.00000000000000000000000000000000000         19.5495309404295352597054370863652190         1.95495309404295352597054370863654609         0.00000000000000000000000000000000000         21.5044840344724887856759807950017644      
   33.0000000000000000000000000000000000         0.00000000000000000000000000000000000         18.8326442192339167299444915768188155         1.88326442192339167299444915768183775         0.00000000000000000000000000000000000         20.7159086411573084029389407345006527      
   34.0000000000000000000000000000000000         0.00000000000000000000000000000000000         18.1417758664644273083057766264839297         1.81417758664644273083057766264838938         0.00000000000000000000000000000000000         19.9559534531108700391363542891323192      
   35.0000000000000000000000000000000000         0.00000000000000000000000000000000000         17.4760719021214834296721081744846704         1.74760719021214834296721081744849543         0.00000000000000000000000000000000000         19.2236790923336317726393189919331664      
   36.0000000000000000000000000000000000         0.00000000000000000000000000000000000         16.8346980029156508403816807236269358         1.68346980029156508403816807236268107         0.00000000000000000000000000000000000         18.5181678032072159244198487959896171      
   37.0000000000000000000000000000000000         0.00000000000000000000000000000000000         16.2168390954669940954510644648110309         1.62168390954669940954510644648115667         0.00000000000000000000000000000000000         17.8385230050136935049961709112921885      
   38.0000000000000000000000000000000000         0.00000000000000000000000000000000000         15.6216989607357776693647342121086845         1.56216989607357776693647342121084099         0.00000000000000000000000000000000000         17.1838688568093554363012076333195257      
   39.0000000000000000000000000000000000         0.00000000000000000000000000000000000         15.0484998495978230284171168480819578         1.50484998495978230284171168480821758         0.00000000000000000000000000000000000         16.5533498345576053312588285328901743      
   40.0000000000000000000000000000000000         0.00000000000000000000000000000000000         14.4964821094621417670318458764145170         1.44964821094621417670318458764139712         0.00000000000000000000000000000000000         15.9461303204083559437350304640559136      
   41.0000000000000000000000000000000000         0.00000000000000000000000000000000000         13.9649038218152172234837442285138661         1.39649038218152172234837442285144034         0.00000000000000000000000000000000000         15.3613942039967389458321186513653058      
   42.0000000000000000000000000000000000         0.00000000000000000000000000000000000         13.4530404505652595574628251795948765         1.34530404505652595574628251795948992         0.00000000000000000000000000000000000         14.7983444956217855132091076975543666      
   43.0000000000000000000000000000000000         0.00000000000000000000000000000000000         12.9601845010506823355593778646414144         1.29601845010506823355593778646413825         0.00000000000000000000000000000000000         14.2562029511557505691153156511055533      
   44.0000000000000000000000000000000000         0.00000000000000000000000000000000000         12.4856451895697208990185883225915459         1.24856451895697208990185883225917250         0.00000000000000000000000000000000000         13.7342097085266929889204471548507182      
   45.0000000000000000000000000000000000         0.00000000000000000000000000000000000         12.0287481232823228250996687111080686         1.20287481232823228250996687111077643         0.00000000000000000000000000000000000         13.2316229356105551076096355822188454      
   46.0000000000000000000000000000000000         0.00000000000000000000000000000000000         11.5888349903309885024017282476727834         1.15888349903309885024017282476728193         0.00000000000000000000000000000000000         12.7477184893640873526419010724400659      
   47.0000000000000000000000000000000000         0.00000000000000000000000000000000000         11.1652632600239372612612853976078063         1.11652632600239372612612853976081753         0.00000000000000000000000000000000000         12.2817895860263309873874139373686235      
   48.0000000000000000000000000000000000         0.00000000000000000000000000000000000         10.7574058929216465424313812324346923         1.07574058929216465424313812324345421         0.00000000000000000000000000000000000         11.8331464822138111966745193556781461      
   49.0000000000000000000000000000000000         0.00000000000000000000000000000000000         10.3646510606662964836240208835210792         1.03646510606662964836240208835214058         0.00000000000000000000000000000000000         11.4011161667329261319864229718732205      
   50.0000000000000000000000000000000000         0.00000000000000000000000000000000000         9.98640187539280184663867603051330568        0.998640187539280184663867603051316586         0.00000000000000000000000000000000000         10.9850420629320820313025436335646221      
   51.0000000000000000000000000000000000         0.00000000000000000000000000000000000         9.62207612855979279250004822946497494        0.962207612855979279250004822946495145         0.00000000000000000000000000000000000         10.5842837414157720717500530524114695      
   52.0000000000000000000000000000000000         0.00000000000000000000000000000000000         9.27110603903899450730711530019831548        0.927110603903899450730711530019815293         0.00000000000000000000000000000000000         10.1982166429428939580378268302181304      
   53.0000000000000000000000000000000000         0.00000000000000000000000000000000000         8.93293801030184515405788564908204512        0.893293801030184515405788564908240547         0.00000000000000000000000000000000000         9.82623181133202966946367421399028615      
   54.0000000000000000000000000000000000         0.00000000000000000000000000000000000         8.60703239654278693634556186555849538        0.860703239654278693634556186555822633         0.00000000000000000000000000000000000         9.46773563619706562998011805211431811      
   55.0000000000000000000000000000000000         0.00000000000000000000000000000000000         8.29286327757938335312051889768305801        0.829286327757938335312051889768290181         0.00000000000000000000000000000000000         9.12214960533732168843257078745134886      
   56.0000000000000000000000000000000000         0.00000000000000000000000000000000000         7.98991824237018583041520320520959584        0.798991824237018583041520320520957235         0.00000000000000000000000000000000000         8.78891006660720441345672352573055327      
   57.0000000000000000000000000000000000         0.00000000000000000000000000000000000         7.69769818099203468582459735776579761        0.769769818099203468582459735776597441         0.00000000000000000000000000000000000         8.46746799909123815440705709354239447      
   58.0000000000000000000000000000000000         0.00000000000000000000000000000000000         7.41571708491918296363842269754585412        0.741571708491918296363842269754584969         0.00000000000000000000000000000000000         8.15728879341110126000226496730043976      
   59.0000000000000000000000000000000000         0.00000000000000000000000000000000000         7.14350185544723676380382652793046203        0.714350185544723676380382652793040368         0.00000000000000000000000000000000000         7.85785204099196044018420918072350269      
   60.0000000000000000000000000000000000         0.00000000000000000000000000000000000         6.88059212010538072846906616851299508        0.688059212010538072846906616851286643         0.00000000000000000000000000000000000         7.56865133211591880131597278536428134      
   61.0000000000000000000000000000000000         0.00000000000000000000000000000000000         6.62654005690067876710377517256367843        0.662654005690067876710377517256357193         0.00000000000000000000000000000000000         7.28919406259074664381415268982003534      
   62.0000000000000000000000000000000000         0.00000000000000000000000000000000000         6.38091022623839149396850285706257867        0.638091022623839149396850285706279726         0.00000000000000000000000000000000000         7.01900124886223064336535314276885811      
   63.0000000000000000000000000000000000         0.00000000000000000000000000000000000         6.14327941036222321437671335473594983        0.614327941036222321437671335473597294         0.00000000000000000000000000000000000         6.75760735139844553581438469020954750      
   64.0000000000000000000000000000000000         0.00000000000000000000000000000000000         5.91323646015819825492956177411830727        0.591323646015819825492956177411811602         0.00000000000000000000000000000000000         6.50456010617401808042251795153011897      
   65.0000000000000000000000000000000000         0.00000000000000000000000000000000000         5.69038214916546950748485045658577460        0.569038214916546950748485045658575515         0.00000000000000000000000000000000000         6.25942036408201645823333550224434982      
   66.0000000000000000000000000000000000         0.00000000000000000000000000000000000         5.47432903463678595371687912046691169        0.547432903463678595371687912046695174         0.00000000000000000000000000000000000         6.02176193810046454908856703251360686      
   67.0000000000000000000000000000000000         0.00000000000000000000000000000000000         5.26470132549059887997919108745491223        0.526470132549059887997919108745487892         0.00000000000000000000000000000000000         5.79117145803965876797711019620040022      
   68.0000000000000000000000000000000000         0.00000000000000000000000000000000000         5.06113475699587959055101760102240582        0.506113475699587959055101760102239735         0.00000000000000000000000000000000000         5.56724823269546754960611936112464517      
   69.0000000000000000000000000000000000         0.00000000000000000000000000000000000         4.86327647202966809056864558115410132        0.486327647202966809056864558115407195         0.00000000000000000000000000000000000         5.34960411923263489962551013926950876      
   70.0000000000000000000000000000000000         0.00000000000000000000000000000000000         4.67078490874618760517362275625442393        0.467078490874618760517362275625436943         0.00000000000000000000000000000000000         5.13786339962080636569098503187986116      
   71.0000000000000000000000000000000000         0.00000000000000000000000000000000000         4.48332969449506035824155855127167404        0.448332969449506035824155855127170110         0.00000000000000000000000000000000000         4.93166266394456639406571440639884391      
   72.0000000000000000000000000000000000         0.00000000000000000000000000000000000         4.30059154582476299599906422832815772        0.430059154582476299599906422832816427         0.00000000000000000000000000000000000         4.73065070040723929559897065116097396      
   73.0000000000000000000000000000000000         0.00000000000000000000000000000000000         4.12226217440598306355026972784192433        0.412226217440598306355026972784189197         0.00000000000000000000000000000000000         4.53448839184658136990529670062611352      
   74.0000000000000000000000000000000000         0.00000000000000000000000000000000000         3.94804419870799873789695157765083259        0.394804419870799873789695157765079792         0.00000000000000000000000000000000000         4.34284861857879861168664673541591257      
   75.0000000000000000000000000000000000         0.00000000000000000000000000000000000         3.77765106125962004708790831528445503        0.377765106125962004708790831528446861         0.00000000000000000000000000000000000         4.15541616738558205179669914681290185      
   76.0000000000000000000000000000000000         0.00000000000000000000000000000000000         3.61080695132461799729680841636073880        0.361080695132461799729680841636066503         0.00000000000000000000000000000000000         3.97188764645707979702648925799680539      
   77.0000000000000000000000000000000000         0.00000000000000000000000000000000000         3.44724673281994457527780520964657533        0.344724673281994457527780520964665670         0.00000000000000000000000000000000000         3.79197140610193903280558573061124114      
   78.0000000000000000000000000000000000         0.00000000000000000000000000000000000         3.28671587730342674481617131427765998        0.328671587730342674481617131427761925         0.00000000000000000000000000000000000         3.61538746503376941929778844570542186      
   79.0000000000000000000000000000000000         0.00000000000000000000000000000000000         3.12897040185601547877598262586107707        0.312897040185601547877598262586121082         0.00000000000000000000000000000000000         3.44186744204161702665358088844719810      
   80.0000000000000000000000000000000000         0.00000000000000000000000000000000000         2.97377681168209952743420386427824103        0.297377681168209952743420386427816014         0.00000000000000000000000000000000000         3.27115449285030948017762425070605704      
   81.0000000000000000000000000000000000         0.00000000000000000000000000000000000         2.82091204724986469636934014725307803        0.282091204724986469636934014725303412         0.00000000000000000000000000000000000         3.10300325197485116600627416197838144      
   82.0000000000000000000000000000000000         0.00000000000000000000000000000000000         2.67016343579220322746800160398696390        0.267016343579220322746800160398695533         0.00000000000000000000000000000000000         2.93717977937142355021480176438565929      
   83.0000000000000000000000000000000000         0.00000000000000000000000000000000000         2.52132864698726340522483991202147163        0.252132864698726340522483991202151073         0.00000000000000000000000000000000000         2.77346151168598974574732390322362261      
   84.0000000000000000000000000000000000         0.00000000000000000000000000000000000         2.37421565263638432696219379884078134        0.237421565263638432696219379884076069         0.00000000000000000000000000000000000         2.61163721790002275965841317872485725      
   85.0000000000000000000000000000000000         0.00000000000000000000000000000000000         2.22864269015589109111893211355865887        0.222864269015589109111893211355865449         0.00000000000000000000000000000000000         2.45150695917148020023082532491452449      
   86.0000000000000000000000000000000000         0.00000000000000000000000000000000000         2.08443822969803634564063858144839637        0.208443822969803634564063858144838000         0.00000000000000000000000000000000000         2.29288205266783998020470243959323446      
   87.0000000000000000000000000000000000         0.00000000000000000000000000000000000         1.94144094471526877937863486986492211        0.194144094471526877937863486986496593         0.00000000000000000000000000000000000         2.13558503918679565731649835685141875      
   88.0000000000000000000000000000000000         0.00000000000000000000000000000000000         1.79949968578099007900501912104200834        0.179949968578099007900501912104198162         0.00000000000000000000000000000000000         1.97944965435908908690552103314620648      
   89.0000000000000000000000000000000000         0.00000000000000000000000000000000000         1.65847345747903029095548061937453729        0.165847345747903029095548061937455053         0.00000000000000000000000000000000000         1.82432080322693332005102868131199237      
   90.0000000000000000000000000000000000         0.00000000000000000000000000000000000         1.51823139817322750967752952864868858        0.151823139817322750967752952864870196         0.00000000000000000000000000000000000         1.67005453799055026064528248151355882      
   91.0000000000000000000000000000000000         0.00000000000000000000000000000000000         1.37865276246774043755289354392271741        0.137865276246774043755289354392271394         0.00000000000000000000000000000000000         1.51651803871451448130818289831498880      
   92.0000000000000000000000000000000000         0.00000000000000000000000000000000000         1.23962690616804978147257499666134354        0.123962690616804978147257499666136341         0.00000000000000000000000000000000000         1.36358959678485475961983249632747992      
   93.0000000000000000000000000000000000         0.00000000000000000000000000000000000         1.10105327355201398255246781539097328        0.110105327355201398255246781539096645         0.00000000000000000000000000000000000         1.21115860090721538080771459693006988      
   94.0000000000000000000000000000000000         0.00000000000000000000000000000000000        0.962841386759832986558043638829102362         9.62841386759832986558043638829093696E-0002   0.00000000000000000000000000000000000         1.05912552543581628521384800271201178      
   95.0000000000000000000000000000000000         0.00000000000000000000000000000000000        0.824910837111336559437967806838597282         8.24910837111336559437967806838603758E-0002   0.00000000000000000000000000000000000        0.907401920822470215381764587522457694      
   96.0000000000000000000000000000000000         0.00000000000000000000000000000000000        0.687191278158646364697035590185523766         6.87191278158646364697035590185528677E-0002   0.00000000000000000000000000000000000        0.755910405974511001166739149204076586      
   97.0000000000000000000000000000000000         0.00000000000000000000000000000000000        0.549622420281958482273260478412049844         5.49622420281958482273260478412033173E-0002   0.00000000000000000000000000000000000        0.604584662310154330500586526253253191      
   98.0000000000000000000000000000000000         0.00000000000000000000000000000000000        0.412154026635949680128535797139576074         4.12154026635949680128535797139573197E-0002   0.00000000000000000000000000000000000        0.453369429299544648141389376853533388      
   99.0000000000000000000000000000000000         0.00000000000000000000000000000000000        0.274745910254120623299860659729741239         2.74745910254120623299860659729744899E-0002   0.00000000000000000000000000000000000        0.302220501279532685629846725702715729      
   100.000000000000000000000000000000000         0.00000000000000000000000000000000000        0.137367932118246116157294518380147441         1.37367932118246116157294518380148497E-0002   0.00000000000000000000000000000000000        0.151104725330070727773023970218162286      
   101.000000000000000000000000000000000         0.00000000000000000000000000000000000         0.00000000000000000000000000000000000         0.00000000000000000000000000000000000         0.00000000000000000000000000000000000         0.00000000000000000000000000000000000      
