   0.00000000000000000000000000000000000         0.00000000000000000000000000000000000         3.15576004213391492214668687665835023E-0003   84.2349035858803712753424667557482260         0.00000000000000000000000000000000000         84.2380593459225051902646134426248843      
   1.00000000000000000000000000000000000         0.00000000000000000000000000000000000         3.15576004213391492214668687665835023E-0003   77.3232616675428175397600904001663141         0.00000000000000000000000000000000000         77.3264174275849514546822370870429725      
   2.00000000000000000000000000000000000         0.00000000000000000000000000000000000         3.15576004213391492214668687665835023E-0003   70.9983181592594046692951257252621896         0.00000000000000000000000000000000000         71.0014739193015385842172724121388479      
   3.00000000000000000000000000000000000         0.00000000000000000000000000000000000         3.15576004213391492214668687665835023E-0003   65.2226291258502199227528169345847574         0.00000000000000000000000000000000000         65.2257848858923538376749636214614157      
   4.00000000000000000000000000000000000         0.00000000000000000000000000000000000         3.15576004213391492214668687665835023E-0003   59.9596837111855808187639984206145302         0.00000000000000000000000000000000000         59.9628394712277147336861451074911885      
   5.00000000000000000000000000000000000         0.00000000000000000000000000000000000         3.15576004213391492214668687665835023E-0003   55.1740296334074381793151237319385441         0.00000000000000000000000000000000000         55.1771853934495720942372704188152024      
   6.00000000000000000000000000000000000         0.00000000000000000000000000000000000         3.15576004213391492214668687665835023E-0003   50.8314246085804638179041808904609182         0.00000000000000000000000000000000000         50.8345803686225977328263275773375766      
   7.00000000000000000000000000000000000         0.00000000000000000000000000000000000         3.15576004213391492214668687665835023E-0003   46.8989918216608902881789423940652305         0.00000000000000000000000000000000000         46.9021475817030242031010890809418889      
   8.00000000000000000000000000000000000         0.00000000000000000000000000000000000         3.15576004213391492214668687665835023E-0003   43.3453608960644254903739235948923067         0.00000000000000000000000000000000000         43.3485166561065594052960702817689650      
   9.00000000000000000000000000000000000         0.00000000000000000000000000000000000         3.15576004213391492214668687665835023E-0003   40.1407799507039331256811186780637616         0.00000000000000000000000000000000000         40.1439357107460670406032653649404199      
   10.0000000000000000000000000000000000         0.00000000000000000000000000000000000         3.15576004213391492214668687665835023E-0003   37.2571889193005194292995173205979927         0.00000000000000000000000000000000000         37.2603446793426533442216640074746511      
   11.0000000000000000000000000000000000         0.00000000000000000000000000000000000         3.15576004213391492214668687665835023E-0003   34.6682489290716638339035209960713768         0.00000000000000000000000000000000000         34.6714046891137977488256676829480351      
   12.0000000000000000000000000000000000         0.00000000000000000000000000000000000         3.15576004213391492214668687665835023E-0003   32.3493267967396617565828135845933313         0.00000000000000000000000000000000000         32.3524825567817956715049602714699896      
   13.0000000000000000000000000000000000         0.00000000000000000000000000000000000         3.15576004213391492214668687665835023E-0003   30.2774372749483498321643532549641349         0.00000000000000000000000000000000000         30.2805930349904837470864999418407933      
   14.0000000000000000000000000000000000         0.00000000000000000000000000000000000         3.15576004213391492214668687665835023E-0003   28.4311483593317597733110184140530520         0.00000000000000000000000000000000000         28.4343041193738936882331651009297103      
   15.0000000000000000000000000000000000         0.00000000000000000000000000000000000         3.15576004213391492214668687665835023E-0003   26.7904566589449224879090951415909790         0.00000000000000000000000000000000000         26.7936124189870564028312418284676373      
   16.0000000000000000000000000000000000         0.00000000000000000000000000000000000         3.15576004213391492214668687665835023E-0003   25.3366405708439091978120451154448530         0.00000000000000000000000000000000000         25.3397963308860431127341918023215114      
   17.0000000000000000000000000000000000         0.00000000000000000000000000000000000         3.15576004213391492214668687665835023E-0003   24.0520989059253795805647792919300184         0.00000000000000000000000000000000000         24.0552546659675134954869259788066767      
   18.0000000000000000000000000000000000         0.00000000000000000000000000000000000         15.2521960264866144671690805774375256         7.67114160310416076568055064019984418         0.00000000000000000000000000000000000         22.9233376295907752328496312176373690      
   19.0000000000000000000000000000000000         0.00000000000000000000000000000000000         19.9347053396571637943534669921294987         1.99347053396571637943534669921293208         0.00000000000000000000000000000000000         21.9281758736228801737888136913424320      
   20.0000000000000000000000000000000000         0.00000000000000000000000000000000000         19.0658804211695511209407718904185522         1.90658804211695511209407718904185276         0.00000000000000000000000000000000000         20.9724684632865062330348490794604035      
   21.0000000000000000000000000000000000         0.00000000000000000000000000000000000         18.2316991992699132119712775255937418         1.82316991992699132119712775255944174         0.00000000000000000000000000000000000         20.0548691191969045331684052781531831      
   22.0000000000000000000000000000000000         0.00000000000000000000000000000000000         17.4309736637889151408734505016698017         1.74309736637889151408734505016694250         0.00000000000000000000000000000000000         19.1740710301678066549607955518367446      
   23.0000000000000000000000000000000000         0.00000000000000000000000000000000000         16.6625505549605509634848550841123812         1.66625505549605509634848550841127706         0.00000000000000000000000000000000000         18.3288056104566060598333405925236584      
   24.0000000000000000000000000000000000         0.00000000000000000000000000000000000         15.9253102826834048902474061207698968         1.59253102826834048902474061207697716         0.00000000000000000000000000000000000         17.5178413109517453792721467328468726      
   25.0000000000000000000000000000000000         0.00000000000000000000000000000000000         15.2181658938997752162355211359196900         1.52181658938997752162355211359196765         0.00000000000000000000000000000000000         16.7399824832897527378590732495116590      
   26.0000000000000000000000000000000000         0.00000000000000000000000000000000000         14.5400620866524532140053160784187953         1.45400620866524532140053160784188285         0.00000000000000000000000000000000000         15.9940682953176985354058476862606786      
   27.0000000000000000000000000000000000         0.00000000000000000000000000000000000         13.8899742689682539234655634077049757         1.38899742689682539234655634077047996         0.00000000000000000000000000000000000         15.2789716958650793158121197484754558      
   28.0000000000000000000000000000000000         0.00000000000000000000000000000000000         13.2669076604074209761375880668342550         1.32669076604074209761375880668340998         0.00000000000000000000000000000000000         14.5935984264481630737513468735176656      
   29.0000000000000000000000000000000000         0.00000000000000000000000000000000000         12.6698964338995827630099224282341470         1.26698964338995827630099224282343168         0.00000000000000000000000000000000000         13.9368860772895410393109146710575792      
   30.0000000000000000000000000000000000         0.00000000000000000000000000000000000         12.0980028953502728335647193301820605         1.20980028953502728335647193301817682         0.00000000000000000000000000000000000         13.3078031848853001169211912632002371      
   31.0000000000000000000000000000000000         0.00000000000000000000000000000000000         11.5503166984371413874757304078549440         1.15503166984371413874757304078551944         0.00000000000000000000000000000000000         12.7053483682808555262233034486404630      
   32.0000000000000000000000000000000000         0.00000000000000000000000000000000000         11.0259540920118882062440030316134328         1.10259540920118882062440030316135426         0.00000000000000000000000000000000000         12.1285495012130770268684033347747876      
   33.0000000000000000000000000000000000         0.00000000000000000000000000000000000         10.5240571975728886152004926852268830         1.05240571975728886152004926852269023         0.00000000000000000000000000000000000         11.5764629173301774767205419537495729      
   34.0000000000000000000000000000000000         0.00000000000000000000000000000000000         10.0437933143651315875623165299618468         1.00437933143651315875623165299617289         0.00000000000000000000000000000000000         11.0481726458016447463185481829580193      
   35.0000000000000000000000000000000000         0.00000000000000000000000000000000000         9.58435424978967573589083713692361984        0.958435424978967573589083713692350467         0.00000000000000000000000000000000000         10.5427896747686433094799208506159709      
   36.0000000000000000000000000000000000         0.00000000000000000000000000000000000         9.14495567295625931699682636687747774        0.914495567295625931699682636687756171         0.00000000000000000000000000000000000         10.0594512402518852486965090035652335      
   37.0000000000000000000000000000000000         0.00000000000000000000000000000000000         8.72483648938262502536851302728836208        0.872483648938262502536851302728843546         0.00000000000000000000000000000000000         9.59732013832088752790536433001720630      
   38.0000000000000000000000000000000000         0.00000000000000000000000000000000000         8.32325823502597991478294237710203190        0.832325823502597991478294237710212396         0.00000000000000000000000000000000000         9.15558405852857790626123661481224372      
   39.0000000000000000000000000000000000         0.00000000000000000000000000000000000         7.93950448802005421536891304934879027        0.793950448802005421536891304934869282         0.00000000000000000000000000000000000         8.73345493682205963690580435428365936      
   40.0000000000000000000000000000000000         0.00000000000000000000000000000000000         7.57288029668050332205898599399337693        0.757288029668050332205898599399317971         0.00000000000000000000000000000000000         8.33016832634855365426488459339269490      
   41.0000000000000000000000000000000000         0.00000000000000000000000000000000000         7.22271162252774988839548983559705255        0.722271162252774988839548983559723224         0.00000000000000000000000000000000000         7.94498278478052487723503881915677567      
   42.0000000000000000000000000000000000         0.00000000000000000000000000000000000         6.88834479725636753784890157633275181        0.688834479725636753784890157633276298         0.00000000000000000000000000000000000         7.57717927698200429163379173396602830      
   43.0000000000000000000000000000000000         0.00000000000000000000000000000000000         6.56914599275104023446702068004369354        0.656914599275104023446702068004367833         0.00000000000000000000000000000000000         7.22606059202614425791372274804806166      
   44.0000000000000000000000000000000000         0.00000000000000000000000000000000000         6.26450070340890753585882721685456909        0.626450070340890753585882721685470679         0.00000000000000000000000000000000000         6.89095077374979828944470993854003948      
   45.0000000000000000000000000000000000         0.00000000000000000000000000000000000         5.97381324017521922824423573028047606        0.597381324017521922824423573028038400         0.00000000000000000000000000000000000         6.57119456419274115106865930330851465      
   46.0000000000000000000000000000000000         0.00000000000000000000000000000000000         5.69650623583267961216226784073641255        0.569650623583267961216226784073637153         0.00000000000000000000000000000000000         6.26615685941594757337849462481004980      
   47.0000000000000000000000000000000000         0.00000000000000000000000000000000000         5.43202016120411576830813467630563761        0.543202016120411576830813467630585351         0.00000000000000000000000000000000000         5.97522217732452734513894814393622325      
   48.0000000000000000000000000000000000         0.00000000000000000000000000000000000         5.17981285203299213723935053603403064        0.517981285203299213723935053603399424         0.00000000000000000000000000000000000         5.69779413723629135096328558963743016      
   49.0000000000000000000000000000000000         0.00000000000000000000000000000000000         4.93935904639697305929402949603392087        0.493935904639697305929402949603400311         0.00000000000000000000000000000000000         5.43329495103667036522343244563732128      
   50.0000000000000000000000000000000000         0.00000000000000000000000000000000000         4.71014993258662499561027072744981664        0.471014993258662499561027072744980104         0.00000000000000000000000000000000000         5.18116492584528749517129780019479646      
   51.0000000000000000000000000000000000         0.00000000000000000000000000000000000         4.49169270744507822712519632617013005        0.449169270744507822712519632617009596         0.00000000000000000000000000000000000         4.94086197818958604983771595878713974      
   52.0000000000000000000000000000000000         0.00000000000000000000000000000000000         4.28351014521581950035401489734461104        0.428351014521581950035401489734463569         0.00000000000000000000000000000000000         4.71186115973740145038941638707907499      
   53.0000000000000000000000000000000000         0.00000000000000000000000000000000000         4.08514017698566207005636891108571115        0.408514017698566207005636891108575756         0.00000000000000000000000000000000000         4.49365419468422827706200580219428719      
   54.0000000000000000000000000000000000         0.00000000000000000000000000000000000         3.89613548083931280028535982217832934        0.389613548083931280028535982217828235         0.00000000000000000000000000000000000         4.28574902892324408031389580439615796      
   55.0000000000000000000000000000000000         0.00000000000000000000000000000000000         3.71606308286184393567445369108563355        0.371606308286184393567445369108559176         0.00000000000000000000000000000000000         4.08766939114802832924189906019419244      
   56.0000000000000000000000000000000000         0.00000000000000000000000000000000000         3.54450396913680945324093198886724815        0.354450396913680945324093198886727252         0.00000000000000000000000000000000000         3.89895436605049039856502518775397555      
   57.0000000000000000000000000000000000         0.00000000000000000000000000000000000         3.38105270889174164113128356525779012        0.338105270889174164113128356525776672         0.00000000000000000000000000000000000         3.71915797978091580524441192178356674      
   58.0000000000000000000000000000000000         0.00000000000000000000000000000000000         3.22531708894031220606260533145456262        0.322531708894031220606260533145464283         0.00000000000000000000000000000000000         3.54784879783434342666886586460002685      
   59.0000000000000000000000000000000000         0.00000000000000000000000000000000000         3.07691775956248871216408578233496816        0.307691775956248871216408578233493262         0.00000000000000000000000000000000000         3.38460953551873758338049436056846147      
   60.0000000000000000000000000000000000         0.00000000000000000000000000000000000         2.93548789195145064703189198541317061        0.293548789195145064703189198541310186         0.00000000000000000000000000000000000         3.22903668114659571173508118395448070      
   61.0000000000000000000000000000000000         0.00000000000000000000000000000000000         2.80067284733967532591250088705790907        0.280067284733967532591250088705795125         0.00000000000000000000000000000000000         3.08074013207364285850375097576370430      
   62.0000000000000000000000000000000000         0.00000000000000000000000000000000000         2.67212985789721881300313843038177895        0.267212985789721881300313843038175478         0.00000000000000000000000000000000000         2.93934284368694069430345227341995457      
   63.0000000000000000000000000000000000         0.00000000000000000000000000000000000         2.54952771947348624299802697424628538        0.254952771947348624299802697424631177         0.00000000000000000000000000000000000         2.80448049142083486729782967167091646      
   64.0000000000000000000000000000000000         0.00000000000000000000000000000000000         2.43254649623032248472279041587883795        0.243254649623032248472279041587881806         0.00000000000000000000000000000000000         2.67580114585335473319506945746671959      
   65.0000000000000000000000000000000000         0.00000000000000000000000000000000000         2.32087723718960009800553928625351200        0.232087723718960009800553928625344310         0.00000000000000000000000000000000000         2.55296496090856010780609321487885619      
   66.0000000000000000000000000000000000         0.00000000000000000000000000000000000         2.21422170469311042744859868990812069        0.221422170469311042744859868990820303         0.00000000000000000000000000000000000         2.43564387516242147019345855889894104      
   67.0000000000000000000000000000000000         0.00000000000000000000000000000000000         2.11229211474688359034848226159659494        0.211229211474688359034848226159655532         0.00000000000000000000000000000000000         2.32352132622157194938333048775625035      
   68.0000000000000000000000000000000000         0.00000000000000000000000000000000000         2.01481088919642100010096118791348702        0.201481088919642100010096118791347860         0.00000000000000000000000000000000000         2.21629197811606310011105730670483476      
   69.0000000000000000000000000000000000         0.00000000000000000000000000000000000         1.92151041965401028971604011729791390        0.192151041965401028971604011729787254         0.00000000000000000000000000000000000         2.11366146161941131868764412902770104      
   70.0000000000000000000000000000000000         0.00000000000000000000000000000000000         1.83213284307454575766733512020400387        0.183213284307454575766733512020402578         0.00000000000000000000000000000000000         2.01534612738200033343406863222440638      
   71.0000000000000000000000000000000000         0.00000000000000000000000000000000000         1.74642982885228980927995306735734274        0.174642982885228980927995306735735035         0.00000000000000000000000000000000000         1.92107281173751879020794837409307773      
   72.0000000000000000000000000000000000         0.00000000000000000000000000000000000         1.66416237728793276347861019757971128        0.166416237728793276347861019757968051         0.00000000000000000000000000000000000         1.83057861501672603982647121733767931      
   73.0000000000000000000000000000000000         0.00000000000000000000000000000000000         1.58510062925325359247750368285423362        0.158510062925325359247750368285425688         0.00000000000000000000000000000000000         1.74361069217857895172525405113965924      
   74.0000000000000000000000000000000000         0.00000000000000000000000000000000000         1.50902368685973442458352374523130249        0.150902368685973442458352374523129791         0.00000000000000000000000000000000000         1.65992605554570786704187611975443235      
   75.0000000000000000000000000000000000         0.00000000000000000000000000000000000         1.43571944491769117546286371042004487        0.143571944491769117546286371042004607         0.00000000000000000000000000000000000         1.57929138940946029300915008146204945      
   76.0000000000000000000000000000000000         0.00000000000000000000000000000000000         1.36498443295388225481020399359947636        0.136498443295388225481020399359946962         0.00000000000000000000000000000000000         1.50148287624927048029122439295942333      
   77.0000000000000000000000000000000000         0.00000000000000000000000000000000000         1.29662366753815804279503664549350099        0.129662366753815804279503664549348092         0.00000000000000000000000000000000000         1.42628603429197384707454031004284901      
   78.0000000000000000000000000000000000         0.00000000000000000000000000000000000         1.23045051465351063117956335310236608        0.123045051465351063117956335310237133         0.00000000000000000000000000000000000         1.35349556611886169429751968841260319      
   79.0000000000000000000000000000000000         0.00000000000000000000000000000000000         1.16628656182885789375421208228102048        0.116628656182885789375421208228104092         0.00000000000000000000000000000000000         1.28291521801174368312963329050912451      
   80.0000000000000000000000000000000000         0.00000000000000000000000000000000000         1.10396149974001954005146381741470285        0.110396149974001954005146381741468395         0.00000000000000000000000000000000000         1.21435764971402149405661019915617130      
   81.0000000000000000000000000000000000         0.00000000000000000000000000000000000         1.04331301297157856138262889423555054        0.104331301297157856138262889423555032         0.00000000000000000000000000000000000         1.14764431426873641752089178365910563      
   82.0000000000000000000000000000000000         0.00000000000000000000000000000000000        0.984186679620626476793757685766897367         9.84186679620626476793757685766902399E-0002   0.00000000000000000000000000000000000         1.08260534758268912447313345434358764      
   83.0000000000000000000000000000000000         0.00000000000000000000000000000000000        0.926435879412717768566710741998508409         9.26435879412717768566710741998509323E-0002   0.00000000000000000000000000000000000         1.01907946735398954542338181619835927      
   84.0000000000000000000000000000000000         0.00000000000000000000000000000000000        0.869921709990657714522507579250545672         8.69921709990657714522507579250547285E-0002   0.00000000000000000000000000000000000        0.956913880989723485974758337175600413      
   85.0000000000000000000000000000000000         0.00000000000000000000000000000000000        0.814512911027966635849171964062017550         8.14512911027966635849171964062027830E-0002   0.00000000000000000000000000000000000        0.895964202130763299434089160468220345      
   86.0000000000000000000000000000000000         0.00000000000000000000000000000000000        0.760085795810949812809251926330711921         7.60085795810949812809251926330694636E-0002   0.00000000000000000000000000000000000        0.836094375392044794090177118963781409      
   87.0000000000000000000000000000000000         0.00000000000000000000000000000000000        0.706524189926203434585579149278825708         7.06524189926203434585579149278826960E-0002   0.00000000000000000000000000000000000        0.777176608918823778044137064206708452      
   88.0000000000000000000000000000000000         0.00000000000000000000000000000000000        0.653719376684051011942020174746055400         6.53719376684051011942020174746043026E-0002   0.00000000000000000000000000000000000        0.719091314352456113136222192220659727      
   89.0000000000000000000000000000000000         0.00000000000000000000000000000000000        0.601570048902780795741390037399092892         6.01570048902780795741390037399107769E-0002   0.00000000000000000000000000000000000        0.661727053793058875315529041139003693      
   90.0000000000000000000000000000000000         0.00000000000000000000000000000000000        0.549982266673593341624793735938262141         5.49982266673593341624793735938251199E-0002   0.00000000000000000000000000000000000        0.604980493340952675787273109532087266      
   91.0000000000000000000000000000000000         0.00000000000000000000000000000000000        0.498869420721821380442252610326698603         4.98869420721821380442252610326703682E-0002   0.00000000000000000000000000000000000        0.548756362794003518486477871359368983      
   92.0000000000000000000000000000000000         0.00000000000000000000000000000000000        0.448152200976205130991467056038455485         4.48152200976205130991467056038450080E-0002   0.00000000000000000000000000000000000        0.492967421073825644090613761642300475      
   93.0000000000000000000000000000000000         0.00000000000000000000000000000000000        0.397758569954750272117795136576776656         3.97758569954750272117795136576775957E-0002   0.00000000000000000000000000000000000        0.437534426950225299329574650234454263      
   94.0000000000000000000000000000000000         0.00000000000000000000000000000000000        0.347623740572919686103296838009964249         3.47623740572919686103296838009959001E-0002   0.00000000000000000000000000000000000        0.382386114630211654713626521810960173      
   95.0000000000000000000000000000000000         0.00000000000000000000000000000000000        0.297690157977571980448950894876440837         2.97690157977571980448950894876442817E-0002   0.00000000000000000000000000000000000        0.327459173775329178493845984364085127      
   96.0000000000000000000000000000000000         0.00000000000000000000000000000000000        0.247907485008119229383259307607390230         2.47907485008119229383259307607385987E-0002   0.00000000000000000000000000000000000        0.272698233508931152321585238368128820      
   97.0000000000000000000000000000000000         0.00000000000000000000000000000000000        0.198232590884794097541321058646501731         1.98232590884794097541321058646506028E-0002   0.00000000000000000000000000000000000        0.218055849973273507295453164511152340      
   98.0000000000000000000000000000000000         0.00000000000000000000000000000000000        0.148629542722654317193732931587193743         1.48629542722654317193732931587195064E-0002   0.00000000000000000000000000000000000        0.163492496994919748913106224745913245      
   99.0000000000000000000000000000000000         0.00000000000000000000000000000000000         9.90695994689730809201028025645284126E-0002   9.90695994689730809201028025645247564E-0003   0.00000000000000000000000000000000000        0.108976559415870389012113082820980893      
   100.000000000000000000000000000000000         0.00000000000000000000000000000000000         4.95312078609307122179638146000934543E-0002   4.95312078609307122179638146000928133E-0003   0.00000000000000000000000000000000000         5.44843286470237834397601960601027341E-0002
   101.000000000000000000000000000000000         0.00000000000000000000000000000000000         0.00000000000000000000000000000000000         0.00000000000000000000000000000000000         0.00000000000000000000000000000000000         0.00000000000000000000000000000000000      
