   0.00000000000000000000000000000000000         0.00000000000000000000000000000000000         3.15576004213391492214668687665835023E-0003   127.702783836328414091634891411973314         0.00000000000000000000000000000000000         127.705939596370548006557038098849973      
   1.00000000000000000000000000000000000         0.00000000000000000000000000000000000         3.15576004213391492214668687665835023E-0003   119.126998610002212861554369753318123         0.00000000000000000000000000000000000         119.130154370044346776476516440194781      
   2.00000000000000000000000000000000000         0.00000000000000000000000000000000000         3.15576004213391492214668687665835023E-0003   111.143272914535797785435543846144078         0.00000000000000000000000000000000000         111.146428674577931700357690533020737      
   3.00000000000000000000000000000000000         0.00000000000000000000000000000000000         3.15576004213391492214668687665835023E-0003   103.719819315949028443438875062303367         0.00000000000000000000000000000000000         103.722975075991162358361021749180025      
   4.00000000000000000000000000000000000         0.00000000000000000000000000000000000         3.15576004213391492214668687665835023E-0003   96.8260062617496619049306698343033882         0.00000000000000000000000000000000000         96.8291620217917958198528165211800465      
   5.00000000000000000000000000000000000         0.00000000000000000000000000000000000         3.15576004213391492214668687665835023E-0003   90.4323614439017077212733091138323083         0.00000000000000000000000000000000000         90.4355172039438416361954558007089666      
   6.00000000000000000000000000000000000         0.00000000000000000000000000000000000         3.15576004213391492214668687665835023E-0003   84.5105735806261829854539502982974727         0.00000000000000000000000000000000000         84.5137293406683169003760969851741311      
   7.00000000000000000000000000000000000         0.00000000000000000000000000000000000         3.15576004213391492214668687665835023E-0003   79.0334907706920136020984098165369424         0.00000000000000000000000000000000000         79.0366465307341475170205565034136008      
   8.00000000000000000000000000000000000         0.00000000000000000000000000000000000         3.15576004213391492214668687665835023E-0003   73.9751139246567705281857201002588165         0.00000000000000000000000000000000000         73.9782696846989044431078667871354749      
   9.00000000000000000000000000000000000         0.00000000000000000000000000000000000         3.15576004213391492214668687665835023E-0003   69.3105841668383613611785543117461698         0.00000000000000000000000000000000000         69.3137399268804952761007009986228281      
   10.0000000000000000000000000000000000         0.00000000000000000000000000000000000         3.15576004213391492214668687665835023E-0003   65.0161634983753522125233451574221029         0.00000000000000000000000000000000000         65.0193192584174861274454918442987612      
   11.0000000000000000000000000000000000         0.00000000000000000000000000000000000         3.15576004213391492214668687665835023E-0003   61.0692083903527445071347176973753444         0.00000000000000000000000000000000000         61.0723641503948784220568643842520027      
   12.0000000000000000000000000000000000         0.00000000000000000000000000000000000         3.15576004213391492214668687665835023E-0003   57.4481363176315121146949683482920171         0.00000000000000000000000000000000000         57.4512920776736460296171150351686754      
   13.0000000000000000000000000000000000         0.00000000000000000000000000000000000         3.15576004213391492214668687665835023E-0003   54.1323855357120554999483217760197092         0.00000000000000000000000000000000000         54.1355412957541894148704684628963675      
   14.0000000000000000000000000000000000         0.00000000000000000000000000000000000         3.15576004213391492214668687665835023E-0003   51.1023686371437568928311767292392435         0.00000000000000000000000000000000000         51.1055243971858908077533234161159018      
   15.0000000000000000000000000000000000         0.00000000000000000000000000000000000         3.15576004213391492214668687665835023E-0003   48.3394205978770945520243662401594675         0.00000000000000000000000000000000000         48.3425763579192284669465129270361259      
   16.0000000000000000000000000000000000         0.00000000000000000000000000000000000         3.15576004213391492214668687665835023E-0003   45.8257421386660182718615598698075403         0.00000000000000000000000000000000000         45.8288978987081521867837065566841987      
   17.0000000000000000000000000000000000         0.00000000000000000000000000000000000         3.15576004213391492214668687665835023E-0003   43.5443392863168805025248128486243662         0.00000000000000000000000000000000000         43.5474950463590144174469595355010246      
   18.0000000000000000000000000000000000         0.00000000000000000000000000000000000         3.15576004213391492214668687665835023E-0003   41.4789600305482424695621168254250819         0.00000000000000000000000000000000000         41.4821157905903763844842635123017402      
   19.0000000000000000000000000000000000         0.00000000000000000000000000000000000         3.15576004213391492214668687665835023E-0003   39.6140289421133137482977133568209873         0.00000000000000000000000000000000000         39.6171847021554476632198600436976456      
   20.0000000000000000000000000000000000         0.00000000000000000000000000000000000         3.15576004213391492214668687665835023E-0003   37.9345805549015175449398564072108902         0.00000000000000000000000000000000000         37.9377363149436514598620030940875486      
   21.0000000000000000000000000000000000         0.00000000000000000000000000000000000         3.15576004213391492214668687665835023E-0003   36.4261922272482953864122011096616012         0.00000000000000000000000000000000000         36.4293479872904293013343477965382596      
   22.0000000000000000000000000000000000         0.00000000000000000000000000000000000         12.5801821358252494920157279122749521         22.4978907176622561145541626568044971         0.00000000000000000000000000000000000         35.0780728534875056065698905690794477      
   23.0000000000000000000000000000000000         0.00000000000000000000000000000000000         30.7912485113435444453620803773721828         3.07912485113435444453620803773722845         0.00000000000000000000000000000000000         33.8703733624778988898982884151094097      
   24.0000000000000000000000000000000000         0.00000000000000000000000000000000000         29.7299416950087566170974234161517228         2.97299416950087566170974234161517228         0.00000000000000000000000000000000000         32.7029358645096322788071657577668935      
   25.0000000000000000000000000000000000         0.00000000000000000000000000000000000         28.7041694030644761499193083366656416         2.87041694030644761499193083366657279         0.00000000000000000000000000000000000         31.5745863433709237649112391703322129      
   26.0000000000000000000000000000000000         0.00000000000000000000000000000000000         27.7128869791132826765129909272009983         2.77128869791132826765129909272009336         0.00000000000000000000000000000000000         30.4841756770246109441642900199210916      
   27.0000000000000000000000000000000000         0.00000000000000000000000000000000000         26.7550719360113561367272180213867785         2.67550719360113561367272180213868016         0.00000000000000000000000000000000000         29.4305791296124917503999398235254594      
   28.0000000000000000000000000000000000         0.00000000000000000000000000000000000         25.8297235049906689810692039509429418         2.58297235049906689810692039509419742         0.00000000000000000000000000000000000         28.4126958554897358791761243460371392      
   29.0000000000000000000000000000000000         0.00000000000000000000000000000000000         24.9358621959141694099913689677128009         2.49358621959141694099913689677139118         0.00000000000000000000000000000000000         27.4294484155055863509905058644841913      
   30.0000000000000000000000000000000000         0.00000000000000000000000000000000000         24.0725293688037885127366950296541287         2.40725293688037885127366950296538652         0.00000000000000000000000000000000000         26.4797823056841673640103645326195144      
   31.0000000000000000000000000000000000         0.00000000000000000000000000000000000         23.2387868167295194628985928014506581         2.32387868167295194628985928014508145         0.00000000000000000000000000000000000         25.5626654984024714091884520815957384      
   32.0000000000000000000000000000000000         0.00000000000000000000000000000000000         22.4337163601012487084787985979683658         2.24337163601012487084787985979686054         0.00000000000000000000000000000000000         24.6770879961113735793266784577652267      
   33.0000000000000000000000000000000000         0.00000000000000000000000000000000000         21.6564194523633003242777779601381090         2.16564194523633003242777779601376198         0.00000000000000000000000000000000000         23.8220613975996303567055557561518706      
   34.0000000000000000000000000000000000         0.00000000000000000000000000000000000         20.9060167970545866404646382185645753         2.09060167970545866404646382185646524         0.00000000000000000000000000000000000         22.9966184767600453045111020404210390      
   35.0000000000000000000000000000000000         0.00000000000000000000000000000000000         20.1816479761646164135794793323678874         2.01816479761646164135794793323683943         0.00000000000000000000000000000000000         22.1998127737810780549374272656047276      
   36.0000000000000000000000000000000000         0.00000000000000000000000000000000000         19.4824710896871514207587365388254897         1.94824710896871514207587365388248353         0.00000000000000000000000000000000000         21.4307181986558665628346101927079731      
   37.0000000000000000000000000000000000         0.00000000000000000000000000000000000         18.8076624062487635943867506862258215         1.88076624062487635943867506862267298         0.00000000000000000000000000000000000         20.6884286468736399538254257548484949      
   38.0000000000000000000000000000000000         0.00000000000000000000000000000000000         18.1564160246686574558893328908327681         1.81564160246686574558893328908325859         0.00000000000000000000000000000000000         19.9720576271355232014782661799160261      
   39.0000000000000000000000000000000000         0.00000000000000000000000000000000000         17.5279435462886103517758193473641659         1.75279435462886103517758193473642630         0.00000000000000000000000000000000000         19.2807379009174713869534012821005915      
   40.0000000000000000000000000000000000         0.00000000000000000000000000000000000         16.9214737578974673146877712142931170         1.69214737578974673146877712142926998         0.00000000000000000000000000000000000         18.6136211336872140461565483357223883      
   41.0000000000000000000000000000000000         0.00000000000000000000000000000000000         16.3362523250630309463321995914711728         1.63362523250630309463321995914717898         0.00000000000000000000000000000000000         17.9698775575693340409654195506183514      
   42.0000000000000000000000000000000000         0.00000000000000000000000000000000000         15.7715414956751364464404156700923068         1.57715414956751364464404156700923803         0.00000000000000000000000000000000000         17.3486956452426500910844572371015450      
   43.0000000000000000000000000000000000         0.00000000000000000000000000000000000         15.2266198134969315161098180799443816         1.52266198134969315161098180799441971         0.00000000000000000000000000000000000         16.7492817948466246677207998879388003      
   44.0000000000000000000000000000000000         0.00000000000000000000000000000000000         14.7007818415166331089368684814729128         1.47007818415166331089368684814731046         0.00000000000000000000000000000000000         16.1708600256682964198305553296202236      
   45.0000000000000000000000000000000000         0.00000000000000000000000000000000000         14.1933378948890615366476957416978800         1.41933378948890615366476957416977864         0.00000000000000000000000000000000000         15.6126716843779676903124653158676584      
   46.0000000000000000000000000000000000         0.00000000000000000000000000000000000         13.7036137832548232820314173822470098         1.37036137832548232820314173822466789         0.00000000000000000000000000000000000         15.0739751615803056102345591204716775      
   47.0000000000000000000000000000000000         0.00000000000000000000000000000000000         13.2309505622249065997789702605500923         1.32309505622249065997789702605504282         0.00000000000000000000000000000000000         14.5540456184473972597568672866051359      
   48.0000000000000000000000000000000000         0.00000000000000000000000000000000000         12.7747042938194625741023209275990564         1.27747042938194625741023209275991011         0.00000000000000000000000000000000000         14.0521747232014088315125530203589657      
   49.0000000000000000000000000000000000         0.00000000000000000000000000000000000         12.3342458156514777288092897631086282         1.23342458156514777288092897631089706         0.00000000000000000000000000000000000         13.5676703972166255016902187394195251      
   50.0000000000000000000000000000000000         0.00000000000000000000000000000000000         11.9089605186487268673707325354863969         1.19089605186487268673707325354861654         0.00000000000000000000000000000000000         13.0998565705135995541078057890350129      
   51.0000000000000000000000000000000000         0.00000000000000000000000000000000000         11.4982481331106663273823063573863718         1.14982481331106663273823063573863441         0.00000000000000000000000000000000000         12.6480729464217329601205369931250054      
   52.0000000000000000000000000000000000         0.00000000000000000000000000000000000         11.1015225229006434053106432459469072         1.11015225229006434053106432459468279         0.00000000000000000000000000000000000         12.2116747751907077458417075705415896      
   53.0000000000000000000000000000000000         0.00000000000000000000000000000000000         10.7182114875778275954048407262853751         1.07182114875778275954048407262857125         0.00000000000000000000000000000000000         11.7900326363356103549453247989139464      
   54.0000000000000000000000000000000000         0.00000000000000000000000000000000000         10.3477565722774984483336144081474959         1.03477565722774984483336144081473946         0.00000000000000000000000000000000000         11.3825322295052482931669758489622352      
   55.0000000000000000000000000000000000         0.00000000000000000000000000000000000         9.98961288515265241952679009134580945        0.998961288515265241952679009134561628         0.00000000000000000000000000000000000         10.9885741736679176614794691004803718      
   56.0000000000000000000000000000000000         0.00000000000000000000000000000000000         9.64324892219422970720437974699469178        0.964324892219422970720437974699466636         0.00000000000000000000000000000000000         10.6075738144136526779248177216941580      
   57.0000000000000000000000000000000000         0.00000000000000000000000000000000000         9.30814639925153725010915763182599947        0.930814639925153725010915763182619764         0.00000000000000000000000000000000000         10.2389610391766909751200733950086191      
   58.0000000000000000000000000000000000         0.00000000000000000000000000000000000         8.98380009107859326377553919941158345        0.898380009107859326377553919941160887         0.00000000000000000000000000000000000         9.88218010018645259015309311935274472      
   59.0000000000000000000000000000000000         0.00000000000000000000000000000000000         8.66971767723609063003050970023768733        0.866971767723609063003050970023766769         0.00000000000000000000000000000000000         9.53668944495969969303356067026145391      
   60.0000000000000000000000000000000000         0.00000000000000000000000000000000000         8.36541959468243012877067904285386733        0.836541959468243012877067904285370324         0.00000000000000000000000000000000000         9.20196155415067314164774694713923804      
   61.0000000000000000000000000000000000         0.00000000000000000000000000000000000         8.07043889689077836511744053025498616        0.807043889689077836511744053025497730         0.00000000000000000000000000000000000         8.87748278657985620162918458328048447      
   62.0000000000000000000000000000000000         0.00000000000000000000000000000000000         7.78432111933233630228348263083311573        0.778432111933233630228348263083314847         0.00000000000000000000000000000000000         8.56275323126556993251183089391643038      
   63.0000000000000000000000000000000000         0.00000000000000000000000000000000000         7.50662415116894723629008981896547838        0.750662415116894723629008981896553481         0.00000000000000000000000000000000000         8.25728656628584195991909880086203254      
   64.0000000000000000000000000000000000         0.00000000000000000000000000000000000         7.23691811300081932726030807839106397        0.723691811300081932726030807839094764         0.00000000000000000000000000000000000         7.96060992430090125998633888623015873      
   65.0000000000000000000000000000000000         0.00000000000000000000000000000000000         6.97478524051748488892609619718293664        0.697478524051748488892609619718288984         0.00000000000000000000000000000000000         7.67226376456923337781870581690122553      
   66.0000000000000000000000000000000000         0.00000000000000000000000000000000000         6.71981977390216915549465965103517581        0.671981977390216915549465965103517138         0.00000000000000000000000000000000000         7.39180175129238607104412561613869324      
   67.0000000000000000000000000000000000         0.00000000000000000000000000000000000         6.47162785284150221620262419218356617        0.647162785284150221620262419218344965         0.00000000000000000000000000000000000         7.11879063812565243782288661140191085      
   68.0000000000000000000000000000000000         0.00000000000000000000000000000000000         6.22982741699398993415993429251777773        0.622982741699398993415993429251793122         0.00000000000000000000000000000000000         6.85281015869338892757592772176957075      
   69.0000000000000000000000000000000000         0.00000000000000000000000000000000000         5.99404811177187665171890706648234375        0.599404811177187665171890706648236320         0.00000000000000000000000000000000000         6.59345292294906431689079777313057997      
   70.0000000000000000000000000000000000         0.00000000000000000000000000000000000         5.76393119929200041084080056607671667        0.576393119929200041084080056607667815         0.00000000000000000000000000000000000         6.34032431922120045192488062268438448      
   71.0000000000000000000000000000000000         0.00000000000000000000000000000000000         5.53912947435197816734786184611598409        0.553912947435197816734786184611592496         0.00000000000000000000000000000000000         6.09304242178717598408264803072757649      
   72.0000000000000000000000000000000000         0.00000000000000000000000000000000000         5.31930718528858321587777004035278406        0.531930718528858321587777004035287207         0.00000000000000000000000000000000000         5.85123790381744153746554704438807155      
   73.0000000000000000000000000000000000         0.00000000000000000000000000000000000         5.10413995957550974046933854352875503        0.510413995957550974046933854352872036         0.00000000000000000000000000000000000         5.61455395553306071451627239788162706      
   74.0000000000000000000000000000000000         0.00000000000000000000000000000000000         4.89331473401788042715918084292368873        0.489331473401788042715918084292372667         0.00000000000000000000000000000000000         5.38264620741966846987509892721606130      
   75.0000000000000000000000000000000000         0.00000000000000000000000000000000000         4.68652968940086280498627859507925224        0.468652968940086280498627859507918763         0.00000000000000000000000000000000000         5.15518265834094908548490645458717115      
   76.0000000000000000000000000000000000         0.00000000000000000000000000000000000         4.48349418944963850807525486736558422        0.448349418944963850807525486736557363         0.00000000000000000000000000000000000         4.93184360839460235888278035410214149      
   77.0000000000000000000000000000000000         0.00000000000000000000000000000000000         4.28392872395773649131197272199170818        0.428392872395773649131197272199182220         0.00000000000000000000000000000000000         4.71232159635351014044316999419089078      
   78.0000000000000000000000000000000000         0.00000000000000000000000000000000000         4.08756485594041510402540127174491853        0.408756485594041510402540127174486720         0.00000000000000000000000000000000000         4.49632134153445661442794139891940491      
   79.0000000000000000000000000000000000         0.00000000000000000000000000000000000         3.89414517266937656302034175298348378        0.389414517266937656302034175298355542         0.00000000000000000000000000000000000         4.28355968993631421932237592828183912      
   80.0000000000000000000000000000000000         0.00000000000000000000000000000000000         3.70342324044463736794070664050588410        0.370342324044463736794070664050584038         0.00000000000000000000000000000000000         4.07376556448910110473477730455646823      
   81.0000000000000000000000000000000000         0.00000000000000000000000000000000000         3.51516356295887492279336146919779647        0.351516356295887492279336146919772165         0.00000000000000000000000000000000000         3.86667991925476241507269761611756849      
   82.0000000000000000000000000000000000         0.00000000000000000000000000000000000         3.32914154310903809784581066377326427        0.332914154310903809784581066377328314         0.00000000000000000000000000000000000         3.66205569741994190763039173015059239      
   83.0000000000000000000000000000000000         0.00000000000000000000000000000000000         3.14514344810946034282910376192521029        0.314514344810946034282910376192523629         0.00000000000000000000000000000000000         3.45965779292040637711201413811773383      
   84.0000000000000000000000000000000000         0.00000000000000000000000000000000000         2.96296637776015950596999844534933927        0.296296637776015950596999844534932694         0.00000000000000000000000000000000000         3.25926301553617545656699828988427177      
   85.0000000000000000000000000000000000         0.00000000000000000000000000000000000         2.78241823572345858885695439590187686        0.278241823572345858885695439590193878         0.00000000000000000000000000000000000         3.06066005929580444774264983549207059      
   86.0000000000000000000000000000000000         0.00000000000000000000000000000000000         2.60331770366152476519129139101710392        0.260331770366152476519129139101709487         0.00000000000000000000000000000000000         2.86364947402767724171042053011881350      
   87.0000000000000000000000000000000000         0.00000000000000000000000000000000000         2.42549421808690726714882062953212847        0.242549421808690726714882062953211812         0.00000000000000000000000000000000000         2.66804363989559799386370269248534035      
   88.0000000000000000000000000000000000         0.00000000000000000000000000000000000         2.24878794977766406925653855488107868        0.224878794977766406925653855488105768         0.00000000000000000000000000000000000         2.47366674475543047618219241036918454      
   89.0000000000000000000000000000000000         0.00000000000000000000000000000000000         2.07304978560820733255040428141688294        0.207304978560820733255040428141694843         0.00000000000000000000000000000000000         2.28035476416902806580544470955857798      
   90.0000000000000000000000000000000000         0.00000000000000000000000000000000000         1.89814131264657182581389897867316802        0.189814131264657182581389897867320711         0.00000000000000000000000000000000000         2.08795544391122900839528887654048854      
   91.0000000000000000000000000000000000         0.00000000000000000000000000000000000         1.72393480436842147090622736551790477        0.172393480436842147090622736551788359         0.00000000000000000000000000000000000         1.89632828480526361799685010206969323      
   92.0000000000000000000000000000000000         0.00000000000000000000000000000000000         1.55031320883775824830325928918408212        0.155031320883775824830325928918412011         0.00000000000000000000000000000000000         1.70534452972153407313358521810249420      
   93.0000000000000000000000000000000000         0.00000000000000000000000000000000000         1.37717013870398554768446351029294822        0.137717013870398554768446351029288794         0.00000000000000000000000000000000000         1.51488715257438410245290986132223701      
   94.0000000000000000000000000000000000         0.00000000000000000000000000000000000         1.20440986286470446680497010040957450        0.120440986286470446680497010040959640         0.00000000000000000000000000000000000         1.32485084915117491348546711045053406      
   95.0000000000000000000000000000000000         0.00000000000000000000000000000000000         1.03194729964338566053640502479362241        0.103194729964338566053640502479361364         0.00000000000000000000000000000000000         1.13514202960772422659004552727298382      
   96.0000000000000000000000000000000000         0.00000000000000000000000000000000000        0.859708011330859621002993815417822478         8.59708011330859621002993815417840245E-0002   0.00000000000000000000000000000000000        0.945678812463945583103293196959606526      
   97.0000000000000000000000000000000000         0.00000000000000000000000000000000000        0.687628199939402704998760616755974056         6.87628199939402704998760616755966954E-0002   0.00000000000000000000000000000000000        0.756391019933342975498636678431570739      
   98.0000000000000000000000000000000000         0.00000000000000000000000000000000000        0.515654704018062349629829015226566078         5.15654704018062349629829015226563177E-0002   0.00000000000000000000000000000000000        0.567220174419868584592811916749222426      
   99.0000000000000000000000000000000000         0.00000000000000000000000000000000000        0.343744996377759898756008431850126035         3.43744996377759898756008431850128719E-0002   0.00000000000000000000000000000000000        0.378119496015535888631609275035138889      
   100.000000000000000000000000000000000         0.00000000000000000000000000000000000        0.171867182574630173425907820753822206         1.71867182574630173425907820753823392E-0002   0.00000000000000000000000000000000000        0.189053900832093190768498602829204542      
   101.000000000000000000000000000000000         0.00000000000000000000000000000000000         0.00000000000000000000000000000000000         0.00000000000000000000000000000000000         0.00000000000000000000000000000000000         0.00000000000000000000000000000000000      
