   0.00000000000000000000000000000000000         0.00000000000000000000000000000000000         3.15576004213391492214668687665835023E-0003   88.2732151961436435198693954037028661         0.00000000000000000000000000000000000         88.2763709561857774347915420905795244      
   1.00000000000000000000000000000000000         0.00000000000000000000000000000000000         3.15576004213391492214668687665835023E-0003   81.2014266531350906908185942215675887         0.00000000000000000000000000000000000         81.2045824131772246057407409084442471      
   2.00000000000000000000000000000000000         0.00000000000000000000000000000000000         3.15576004213391492214668687665835023E-0003   74.7143462841022715973876656675479091         0.00000000000000000000000000000000000         74.7175020441444055123098123544245674      
   3.00000000000000000000000000000000000         0.00000000000000000000000000000000000         3.15576004213391492214668687665835023E-0003   68.7735633921334990043001496176074704         0.00000000000000000000000000000000000         68.7767191521756329192222963044841288      
   4.00000000000000000000000000000000000         0.00000000000000000000000000000000000         3.15576004213391492214668687665835023E-0003   63.3425399725280536193539474738601143         0.00000000000000000000000000000000000         63.3456957325701875342760941607367726      
   5.00000000000000000000000000000000000         0.00000000000000000000000000000000000         3.15576004213391492214668687665835023E-0003   58.3865927193628468983352325628830826         0.00000000000000000000000000000000000         58.3897484794049808132573792497597410      
   6.00000000000000000000000000000000000         0.00000000000000000000000000000000000         3.15576004213391492214668687665835023E-0003   53.8728646140171775486139790167275444         0.00000000000000000000000000000000000         53.8760203740593114635361257036042028      
   7.00000000000000000000000000000000000         0.00000000000000000000000000000000000         3.15576004213391492214668687665835023E-0003   49.7702855179025969657977711602837737         0.00000000000000000000000000000000000         49.7734412779447308807199178471604321      
   8.00000000000000000000000000000000000         0.00000000000000000000000000000000000         3.15576004213391492214668687665835023E-0003   46.0495215633078384115482363342756132         0.00000000000000000000000000000000000         46.0526773233499723264703830211522715      
   9.00000000000000000000000000000000000         0.00000000000000000000000000000000000         3.15576004213391492214668687665835023E-0003   42.6829135219217014750481022267995626         0.00000000000000000000000000000000000         42.6860692819638353899702489136762209      
   10.0000000000000000000000000000000000         0.00000000000000000000000000000000000         3.15576004213391492214668687665835023E-0003   39.6444046909951428510215807358113755         0.00000000000000000000000000000000000         39.6475604510372767659437274226880338      
   11.0000000000000000000000000000000000         0.00000000000000000000000000000000000         3.15576004213391492214668687665835023E-0003   36.9094591441433136708322714047567774         0.00000000000000000000000000000000000         36.9126149041854475857544180916334357      
   12.0000000000000000000000000000000000         0.00000000000000000000000000000000000         3.15576004213391492214668687665835023E-0003   34.4549714300664595982676086328150006         0.00000000000000000000000000000000000         34.4581271901085935131897553196916590      
   13.0000000000000000000000000000000000         0.00000000000000000000000000000000000         3.15576004213391492214668687665835023E-0003   32.2591689600977750343866691409563386         0.00000000000000000000000000000000000         32.2623247201399089493088158278329970      
   14.0000000000000000000000000000000000         0.00000000000000000000000000000000000         3.15576004213391492214668687665835023E-0003   30.3015084044374653074716910737054205         0.00000000000000000000000000000000000         30.3046641644795992223938377605820789      
   15.0000000000000000000000000000000000         0.00000000000000000000000000000000000         3.15576004213391492214668687665835023E-0003   28.5625674231574364626573288971801007         0.00000000000000000000000000000000000         28.5657231831995703775794755840567590      
   16.0000000000000000000000000000000000         0.00000000000000000000000000000000000         3.15576004213391492214668687665835023E-0003   27.0239330015971467918205041199277788         0.00000000000000000000000000000000000         27.0270887616392807067426508068044371      
   17.0000000000000000000000000000000000         0.00000000000000000000000000000000000         3.15576004213391492214668687665835023E-0003   25.6680875529789767848950780395932631         0.00000000000000000000000000000000000         25.6712433130211106998172247264699214      
   18.0000000000000000000000000000000000         0.00000000000000000000000000000000000         6.34138839358379342012550635004127343         18.1400611735715369682523687890097603         0.00000000000000000000000000000000000         24.4814495671553303883778751390510352      
   19.0000000000000000000000000000000000         0.00000000000000000000000000000000000         21.3105773597440472720209614382687378         2.13105773597440472720209614382686315         0.00000000000000000000000000000000000         23.4416350957184519992230575820956002      
   20.0000000000000000000000000000000000         0.00000000000000000000000000000000000         20.4022300328976336478420126176000710         2.04022300328976336478420126176001195         0.00000000000000000000000000000000000         22.4424530361873970126262138793600818      
   21.0000000000000000000000000000000000         0.00000000000000000000000000000000000         19.5295743646382789958610854824548759         1.95295743646382789958610854824553173         0.00000000000000000000000000000000000         21.4825318011021068954471940307004088      
   22.0000000000000000000000000000000000         0.00000000000000000000000000000000000         18.6913985808015766104398645205904664         1.86913985808015766104398645205901513         0.00000000000000000000000000000000000         20.5605384388817342714838509726494804      
   23.0000000000000000000000000000000000         0.00000000000000000000000000000000000         17.8865251887932913305574499958880697         1.78865251887932913305574499958885208         0.00000000000000000000000000000000000         19.6751777076726204636131949954769205      
   24.0000000000000000000000000000000000         0.00000000000000000000000000000000000         17.1138101456821921689459356574668233         1.71138101456821921689459356574666884         0.00000000000000000000000000000000000         18.8251911602504113858405292232134933      
   25.0000000000000000000000000000000000         0.00000000000000000000000000000000000         16.3721420371042522988718630091414253         1.63721420371042522988718630091414765         0.00000000000000000000000000000000000         18.0093562408146775287590493100555743      
   26.0000000000000000000000000000000000         0.00000000000000000000000000000000000         15.6604412676451161227334471926626658         1.56604412676451161227334471926626547         0.00000000000000000000000000000000000         17.2264853944096277350067919119289323      
   27.0000000000000000000000000000000000         0.00000000000000000000000000000000000         14.9776592632801906664366326493469962         1.49776592632801906664366326493467697         0.00000000000000000000000000000000000         16.4754251896082097330802959142816724      
   28.0000000000000000000000000000000000         0.00000000000000000000000000000000000         14.3227776863717633833404092082234783         1.43227776863717633833404092082232857         0.00000000000000000000000000000000000         15.7550554550089397216744501290458069      
   29.0000000000000000000000000000000000         0.00000000000000000000000000000000000         13.6948076636499781692917879841644081         1.36948076636499781692917879841647910         0.00000000000000000000000000000000000         15.0642884300149759862209667825808868      
   30.0000000000000000000000000000000000         0.00000000000000000000000000000000000         13.0927890275390450705391154324662926         1.30927890275390450705391154324659317         0.00000000000000000000000000000000000         14.4020679302929495775930269757128860      
   31.0000000000000000000000000000000000         0.00000000000000000000000000000000000         12.5157895711313896555368703037615598         1.25157895711313896555368703037617070         0.00000000000000000000000000000000000         13.7673685282445286210905573341377309      
   32.0000000000000000000000000000000000         0.00000000000000000000000000000000000         11.9629043170601934618966380297554044         1.19629043170601934618966380297556863         0.00000000000000000000000000000000000         13.1591947487662128080863018327309730      
   33.0000000000000000000000000000000000         0.00000000000000000000000000000000000         11.4332548004745315004400871109070088         1.14332548004745315004400871109069891         0.00000000000000000000000000000000000         12.5765802805219846504840958219977075      
   34.0000000000000000000000000000000000         0.00000000000000000000000000000000000         10.9259883662806466004357086649217739         1.09259883662806466004357086649216714         0.00000000000000000000000000000000000         12.0185872029087112604792795314139407      
   35.0000000000000000000000000000000000         0.00000000000000000000000000000000000         10.4402774807773684202674198477809058         1.04402774807773684202674198477808207         0.00000000000000000000000000000000000         11.4843052288551052622941618325589880      
   36.0000000000000000000000000000000000         0.00000000000000000000000000000000000         9.97531905778283520051631309681215286        0.997531905778283520051631309681216422         0.00000000000000000000000000000000000         10.9728509635611187205679444064933694      
   37.0000000000000000000000000000000000         0.00000000000000000000000000000000000         9.53033379932305688077097154846608845        0.953033379932305688077097154846622885         0.00000000000000000000000000000000000         10.4833671792553625688480687033127116      
   38.0000000000000000000000000000000000         0.00000000000000000000000000000000000         9.10456555093002344368588255643689035        0.910456555093002344368588255643680869         0.00000000000000000000000000000000000         10.0150221060230257880544708120805712      
   39.0000000000000000000000000000000000         0.00000000000000000000000000000000000         8.69728067157757835723862669173193179        0.869728067157757835723862669173200941         0.00000000000000000000000000000000000         9.56700873873533619296248936090513283      
   40.0000000000000000000000000000000000         0.00000000000000000000000000000000000         8.30776741826672596813678664881533759        0.830776741826672596813678664881504870         0.00000000000000000000000000000000000         9.13854416009339856495046531369684284      
   41.0000000000000000000000000000000000         0.00000000000000000000000000000000000         7.93533534525802567985933677852742560        0.793533534525802567985933677852765940         0.00000000000000000000000000000000000         8.72886887978382824784527045638019211      
   42.0000000000000000000000000000000000         0.00000000000000000000000000000000000         7.57931471793686948233481750078190408        0.757931471793686948233481750078186306         0.00000000000000000000000000000000000         8.33724618973055643056829925086008971      
   43.0000000000000000000000000000000000         0.00000000000000000000000000000000000         7.23905594128739258723907773392453680        0.723905594128739258723907773392452332         0.00000000000000000000000000000000000         7.96296153541613184596298550731698894      
   44.0000000000000000000000000000000000         0.00000000000000000000000000000000000         6.91392900294220578484712304459958756        0.691392900294220578484712304459975685         0.00000000000000000000000000000000000         7.60532190323642636333183534905956296      
   45.0000000000000000000000000000000000         0.00000000000000000000000000000000000         6.60332293076776641392667879844664883        0.660332293076776641392667879844652885         0.00000000000000000000000000000000000         7.26365522384454305531934667829130201      
   46.0000000000000000000000000000000000         0.00000000000000000000000000000000000         6.30664526493875426046238902728052329        0.630664526493875426046238902728046840         0.00000000000000000000000000000000000         6.93730979143262968650862793000857022      
   47.0000000000000000000000000000000000         0.00000000000000000000000000000000000         6.02332154444904903008808573293215522        0.602332154444904903008808573293244738         0.00000000000000000000000000000000000         6.62565369889395393309689430622540024      
   48.0000000000000000000000000000000000         0.00000000000000000000000000000000000         5.75279480800160467947446194762703589        0.575279480800160467947446194762692149         0.00000000000000000000000000000000000         6.32807428880176514742190814238972784      
   49.0000000000000000000000000000000000         0.00000000000000000000000000000000000         5.49452510921449719323584650064420580        0.549452510921449719323584650064434389         0.00000000000000000000000000000000000         6.04397762013594691255943115070864009      
   50.0000000000000000000000000000000000         0.00000000000000000000000000000000000         5.24798904607552665898555422027654856        0.524798904607552665898555422027652122         0.00000000000000000000000000000000000         5.77278795068307932488410964230420049      
   51.0000000000000000000000000000000000         0.00000000000000000000000000000000000         5.01267930457284676289509620603898655        0.501267930457284676289509620603898520         0.00000000000000000000000000000000000         5.51394723503013143918460582664288498      
   52.0000000000000000000000000000000000         0.00000000000000000000000000000000000         4.78810421642406347454040361855662140        0.478810421642406347454040361855661600         0.00000000000000000000000000000000000         5.26691463806646982199444398041228261      
   53.0000000000000000000000000000000000         0.00000000000000000000000000000000000         4.57378733082099988131175573502424481        0.457378733082099988131175573502429950         0.00000000000000000000000000000000000         5.03116606390309986944293130852667476      
   54.0000000000000000000000000000000000         0.00000000000000000000000000000000000         4.36926700010179619630348261594077954        0.436926700010179619630348261594073082         0.00000000000000000000000000000000000         4.80619370011197581593383087753485272      
   55.0000000000000000000000000000000000         0.00000000000000000000000000000000000         4.17409597925615168669875174714069343        0.417409597925615168669875174714064606         0.00000000000000000000000000000000000         4.59150557718176685536862692185475823      
   56.0000000000000000000000000000000000         0.00000000000000000000000000000000000         3.98784103916328417123797080647610632        0.398784103916328417123797080647613463         0.00000000000000000000000000000000000         4.38662514307961258836176788712372007      
   57.0000000000000000000000000000000000         0.00000000000000000000000000000000000         3.81008259345556333536615994398745151        0.381008259345556333536615994398743379         0.00000000000000000000000000000000000         4.19109085280111966890277593838619527      
   58.0000000000000000000000000000000000         0.00000000000000000000000000000000000         3.64041433889376022300538939531086499        0.364041433889376022300538939531094395         0.00000000000000000000000000000000000         4.00445577278313624530592833484195977      
   59.0000000000000000000000000000000000         0.00000000000000000000000000000000000         3.47844290913245232153965435427947626        0.347844290913245232153965435427943331         0.00000000000000000000000000000000000         3.82628720004569755369361978970741950      
   60.0000000000000000000000000000000000         0.00000000000000000000000000000000000         3.32378754174634711556205922068814969        0.332378754174634711556205922068805051         0.00000000000000000000000000000000000         3.65616629592098182711826514275695484      
   61.0000000000000000000000000000000000         0.00000000000000000000000000000000000         3.17607975838016078103067293394054725        0.317607975838016078103067293394060561         0.00000000000000000000000000000000000         3.49368773421817685913374022733460791      
   62.0000000000000000000000000000000000         0.00000000000000000000000000000000000         3.03496305787624379040733695997402769        0.303496305787624379040733695997403087         0.00000000000000000000000000000000000         3.33845936366386816944807065597143073      
   63.0000000000000000000000000000000000         0.00000000000000000000000000000000000         2.90009262222541823629178309057599518        0.290009262222541823629178309057600837         0.00000000000000000000000000000000000         3.19010188444796005992096139963359596      
   64.0000000000000000000000000000000000         0.00000000000000000000000000000000000         2.77113503517752369745763901793392480        0.277113503517752369745763901793391517         0.00000000000000000000000000000000000         3.04824853869527606720340291972731612      
   65.0000000000000000000000000000000000         0.00000000000000000000000000000000000         2.64776801333900375230532363644528827        0.264776801333900375230532363644521932         0.00000000000000000000000000000000000         2.91254481467290412753585600008981001      
   66.0000000000000000000000000000000000         0.00000000000000000000000000000000000         2.52968014957555025964781927326633525        0.252968014957555025964781927326641691         0.00000000000000000000000000000000000         2.78264816453310528561260120059297694      
   67.0000000000000000000000000000000000         0.00000000000000000000000000000000000         2.41657066852840497089943813411673125        0.241657066852840497089943813411668955         0.00000000000000000000000000000000000         2.65822773538124546798938194752840025      
   68.0000000000000000000000000000000000         0.00000000000000000000000000000000000         2.30814919404344597681661320334315496        0.230814919404344597681661320334315578         0.00000000000000000000000000000000000         2.53896411344779057449827452367747042      
   69.0000000000000000000000000000000000         0.00000000000000000000000000000000000         2.20413552830270760448003984176849480        0.220413552830270760448003984176845811         0.00000000000000000000000000000000000         2.42454908113297836492804382594534047      
   70.0000000000000000000000000000000000         0.00000000000000000000000000000000000         2.10425944243854329569822656022822487        0.210425944243854329569822656022822020         0.00000000000000000000000000000000000         2.31468538668239762526804921625104701      
   71.0000000000000000000000000000000000         0.00000000000000000000000000000000000         2.00826047840128672626294116437012612        0.200826047840128672626294116437013709         0.00000000000000000000000000000000000         2.20908652624141539888923528080713992      
   72.0000000000000000000000000000000000         0.00000000000000000000000000000000000         1.91588776184203987252943479301182809        0.191588776184203987252943479301179140         0.00000000000000000000000000000000000         2.10747653802624385978237827231300719      
   73.0000000000000000000000000000000000         0.00000000000000000000000000000000000         1.82689982576315829713679192129916947        0.182689982576315829713679192129920265         0.00000000000000000000000000000000000         2.00958980833947412685047111342908972      
   74.0000000000000000000000000000000000         0.00000000000000000000000000000000000         1.74106444468015117542264696505186428        0.174106444468015117542264696505184608         0.00000000000000000000000000000000000         1.91517088914816629296491166155704894      
   75.0000000000000000000000000000000000         0.00000000000000000000000000000000000         1.65815847903010099420033504938012559        0.165815847903010099420033504938013397         0.00000000000000000000000000000000000         1.82397432693311109362036855431813903      
   76.0000000000000000000000000000000000         0.00000000000000000000000000000000000         1.57796772955336661862689054877575768        0.157796772955336661862689054877575493         0.00000000000000000000000000000000000         1.73576450250870328048957960365333319      
   77.0000000000000000000000000000000000         0.00000000000000000000000000000000000         1.50028680136729131842549690186354277        0.150028680136729131842549690186352404         0.00000000000000000000000000000000000         1.65031548150402045026804659204989519      
   78.0000000000000000000000000000000000         0.00000000000000000000000000000000000         1.42491897744291865254573463826272806        0.142491897744291865254573463826272647         0.00000000000000000000000000000000000         1.56741087518721051780030810208900063      
   79.0000000000000000000000000000000000         0.00000000000000000000000000000000000         1.35167610118834458226641689438070252        0.135167610118834458226641689438073290         0.00000000000000000000000000000000000         1.48684371130717904049305858381877574      
   80.0000000000000000000000000000000000         0.00000000000000000000000000000000000         1.28037846783532104634162996956766438        0.128037846783532104634162996956763838         0.00000000000000000000000000000000000         1.40841631461885315097579296652442813      
   81.0000000000000000000000000000000000         0.00000000000000000000000000000000000         1.21085472431908824199777190822516605        0.121085472431908824199777190822515751         0.00000000000000000000000000000000000         1.33194019675099706619754909904768189      
   82.0000000000000000000000000000000000         0.00000000000000000000000000000000000         1.14294177733516036826353234525186784        0.114294177733516036826353234525186958         0.00000000000000000000000000000000000         1.25723595506867640508988557977705480      
   83.0000000000000000000000000000000000         0.00000000000000000000000000000000000         1.07648470925092966588226295214715481        0.107648470925092966588226295214716239         0.00000000000000000000000000000000000         1.18413318017602263247048924736187106      
   84.0000000000000000000000000000000000         0.00000000000000000000000000000000000         1.01133670154449012809663741442217236        0.101133670154449012809663741442216680         0.00000000000000000000000000000000000         1.11247037169893914090630115586438898      
   85.0000000000000000000000000000000000         0.00000000000000000000000000000000000        0.947358965438016137275566454150215896         9.47358965438016137275566454150225453E-0002   0.00000000000000000000000000000000000         1.04209486198181775100312309956523853      
   86.0000000000000000000000000000000000         0.00000000000000000000000000000000000        0.884420679388360524924337535627747808         8.84420679388360524924337535627734446E-0002   0.00000000000000000000000000000000000        0.972862747327196577416771289190521240      
   87.0000000000000000000000000000000000         0.00000000000000000000000000000000000        0.822398933093256494480271280862362149         8.22398933093256494480271280862364340E-0002   0.00000000000000000000000000000000000        0.904638826402582143928298408948598595      
   88.0000000000000000000000000000000000         0.00000000000000000000000000000000000        0.761178677667611322612007306084458451         7.61178677667611322612007306084442562E-0002   0.00000000000000000000000000000000000        0.837296545434372454873208036692902659      
   89.0000000000000000000000000000000000         0.00000000000000000000000000000000000        0.700652681640857285475409751728836998         7.00652681640857285475409751728850070E-0002   0.00000000000000000000000000000000000        0.770717949804943014022950726901721969      
   90.0000000000000000000000000000000000         0.00000000000000000000000000000000000        0.640721492423165236086594628687433068         6.40721492423165236086594628687423896E-0002   0.00000000000000000000000000000000000        0.704793641665481759695254091556175421      
   91.0000000000000000000000000000000000         0.00000000000000000000000000000000000        0.581293402885515146929051723328566596         5.81293402885515146929051723328574937E-0002   0.00000000000000000000000000000000000        0.639422743174066661621956895661424084      
   92.0000000000000000000000000000000000         0.00000000000000000000000000000000000        0.522284422696140440432937450442723949         5.22284422696140440432937450442715716E-0002   0.00000000000000000000000000000000000        0.574512864965754484476231195486995497      
   93.0000000000000000000000000000000000         0.00000000000000000000000000000000000        0.463618254053702208975556215559358489         4.63618254053702208975556215559360174E-0002   0.00000000000000000000000000000000000        0.509980079459072429873111837115294506      
   94.0000000000000000000000000000000000         0.00000000000000000000000000000000000        0.405226271455687242201582859362418641         4.05226271455687242201582859362412839E-0002   0.00000000000000000000000000000000000        0.445748898601255966421741145298659937      
   95.0000000000000000000000000000000000         0.00000000000000000000000000000000000        0.347047505138940688276054478617309478         3.47047505138940688276054478617306974E-0002   0.00000000000000000000000000000000000        0.381752255652834757103659926479040199      
   96.0000000000000000000000000000000000         0.00000000000000000000000000000000000        0.289028627827919685448891322492948632         2.89028627827919685448891322492944027E-0002   0.00000000000000000000000000000000000        0.317931490610711653993780454742243037      
   97.0000000000000000000000000000000000         0.00000000000000000000000000000000000        0.231123944425167026550399084298780155         2.31123944425167026550399084298783586E-0002   0.00000000000000000000000000000000000        0.254236338867683729205438992728658495      
   98.0000000000000000000000000000000000         0.00000000000000000000000000000000000        0.173295384277631728617845419437257226         1.73295384277631728617845419437258610E-0002   0.00000000000000000000000000000000000        0.190624922705394901479629961380983081      
   99.0000000000000000000000000000000000         0.00000000000000000000000000000000000        0.115512495651783523893040989128930762         1.15512495651783523893040989128928755E-0002   0.00000000000000000000000000000000000        0.127063745216961876282345088041823636      
   100.000000000000000000000000000000000         0.00000000000000000000000000000000000         5.77524420499575233459575513722253440E-0002   5.77524420499575233459575513722249017E-0003   0.00000000000000000000000000000000000         6.35276862549532756805533065094478327E-0002
   101.000000000000000000000000000000000         0.00000000000000000000000000000000000         0.00000000000000000000000000000000000         0.00000000000000000000000000000000000         0.00000000000000000000000000000000000         0.00000000000000000000000000000000000      
