   0.00000000000000000000000000000000000         0.00000000000000000000000000000000000         3.15576004213391492214668687665835023E-0003   13.9722553459581652879105935362071663         0.00000000000000000000000000000000000         13.9754111060002992028327402230838247      
   1.00000000000000000000000000000000000         0.00000000000000000000000000000000000         3.15576004213391492214668687665835023E-0003   11.3505481379634180581182653747317752         0.00000000000000000000000000000000000         11.3537038980055519730404120616084335      
   2.00000000000000000000000000000000000         0.00000000000000000000000000000000000         3.15576004213391492214668687665835023E-0003   9.25511322779273660378453038414839548         0.00000000000000000000000000000000000         9.25826898783487051870667707102505383      
   3.00000000000000000000000000000000000         0.00000000000000000000000000000000000         3.15576004213391492214668687665835023E-0003   7.59887256428890418920980043516997572         0.00000000000000000000000000000000000         7.60202832433103810413194712204663407      
   4.00000000000000000000000000000000000         0.00000000000000000000000000000000000         3.15576004213391492214668687665835023E-0003   6.30595787760629288604596373392819697         0.00000000000000000000000000000000000         6.30911363764842680096811042080485532      
   5.00000000000000000000000000000000000         0.00000000000000000000000000000000000         3.15576004213391492214668687665835023E-0003   5.31085934974591030388644746489165330         0.00000000000000000000000000000000000         5.31401510978804421880859415176831165      
   6.00000000000000000000000000000000000         0.00000000000000000000000000000000000         3.15576004213391492214668687665835023E-0003   4.55722188561840420098268872014905926         0.00000000000000000000000000000000000         4.56037764566053811590483540702571761      
   7.00000000000000000000000000000000000         0.00000000000000000000000000000000000         2.17155758792017585051032262300835620         1.82797720239206331634529595039701593         0.00000000000000000000000000000000000         3.99953479031223916685561857340537213      
   8.00000000000000000000000000000000000         0.00000000000000000000000000000000000         3.26262151272590877368005095835812017        0.326262151272590877368005095835812777         0.00000000000000000000000000000000000         3.58888366399849965104805605419393299      
   9.00000000000000000000000000000000000         0.00000000000000000000000000000000000         2.92438191669402125998103462720939887        0.292438191669402125998103462720940166         0.00000000000000000000000000000000000         3.21682010836342338597913808993033918      
   10.0000000000000000000000000000000000         0.00000000000000000000000000000000000         2.61828497626570317800952664849900564        0.261828497626570317800952664849898522         0.00000000000000000000000000000000000         2.88011347389227349581047931334890397      
   11.0000000000000000000000000000000000         0.00000000000000000000000000000000000         2.34160384833502183507479854459772778        0.234160384833502183507479854459772445         0.00000000000000000000000000000000000         2.57576423316852401858227839905750025      
   12.0000000000000000000000000000000000         0.00000000000000000000000000000000000         2.09180987568833286368952713372909330        0.209180987568833286368952713372910269         0.00000000000000000000000000000000000         2.30099086325716615005847984710200340      
   13.0000000000000000000000000000000000         0.00000000000000000000000000000000000         1.86656108448863779474206157892861420        0.186656108448863779474206157892860308         0.00000000000000000000000000000000000         2.05321719293750157421626773682147458      
   14.0000000000000000000000000000000000         0.00000000000000000000000000000000000         1.66369112530460559111137533845519974        0.166369112530460559111137533845520331         0.00000000000000000000000000000000000         1.83006023783506615022251287230072012      
   15.0000000000000000000000000000000000         0.00000000000000000000000000000000000         1.48119866713849170158933062030165260        0.148119866713849170158933062030165626         0.00000000000000000000000000000000000         1.62931853385234087174826368233181832      
   16.0000000000000000000000000000000000         0.00000000000000000000000000000000000         1.31723724530757943823158127197575283        0.131723724530757943823158127197575432         0.00000000000000000000000000000000000         1.44896096983833738205473939917332819      
   17.0000000000000000000000000000000000         0.00000000000000000000000000000000000         1.17010555795803360030106197302250507        0.117010555795803360030106197302250122         0.00000000000000000000000000000000000         1.28711611375383696033116817032475519      
   18.0000000000000000000000000000000000         0.00000000000000000000000000000000000         1.03823820201515145644235858227801923        0.103823820201515145644235858227802072         0.00000000000000000000000000000000000         1.14206202221666660208659444050582123      
   19.0000000000000000000000000000000000         0.00000000000000000000000000000000000        0.920196837067865970689552027356942426         9.20196837067865970689552027356944640E-0002   0.00000000000000000000000000000000000         1.01221652077465256775850723009263699      
   20.0000000000000000000000000000000000         0.00000000000000000000000000000000000        0.814661764635854549945074518579664693         8.14661764635854549945074518579668376E-0002   0.00000000000000000000000000000000000        0.896127941099440004939581970437631567      
   21.0000000000000000000000000000000000         0.00000000000000000000000000000000000        0.720423910102900376367304609952525587         7.20423910102900376367304609952523493E-0002   0.00000000000000000000000000000000000        0.792466301113190414004035070947777973      
   22.0000000000000000000000000000000000         0.00000000000000000000000000000000000        0.636377195001324186790713537439189892         6.36377195001324186790713537439186930E-0002   0.00000000000000000000000000000000000        0.700014914501456605469784891183108573      
   23.0000000000000000000000000000000000         0.00000000000000000000000000000000000        0.561511288039266067983594923510938353         5.61511288039266067983594923510938931E-0002   0.00000000000000000000000000000000000        0.617662416843192674781954415862032246      
   24.0000000000000000000000000000000000         0.00000000000000000000000000000000000        0.494904724074646979263579915968996764         4.94904724074646979263579915968998991E-0002   0.00000000000000000000000000000000000        0.544395196482111677189937907565896657      
   25.0000000000000000000000000000000000         0.00000000000000000000000000000000000        0.435718381012007165326586070256352800         4.35718381012007165326586070256350706E-0002   0.00000000000000000000000000000000000        0.479290219113207881859244677281987883      
   26.0000000000000000000000000000000000         0.00000000000000000000000000000000000        0.383189305236096781862321957113846354         3.83189305236096781862321957113847618E-0002   0.00000000000000000000000000000000000        0.421508235759706460048554152825231134      
   27.0000000000000000000000000000000000         0.00000000000000000000000000000000000        0.336624876646097155145694804520786683         3.36624876646097155145694804520786960E-0002   0.00000000000000000000000000000000000        0.370287364310706870660264284972865361      
   28.0000000000000000000000000000000000         0.00000000000000000000000000000000000        0.295397304597335817586750169327001571         2.95397304597335817586750169327000259E-0002   0.00000000000000000000000000000000000        0.324937035057069399345425186259701579      
   29.0000000000000000000000000000000000         0.00000000000000000000000000000000000        0.258938446099341502158728174271671752         2.58938446099341502158728174271672011E-0002   0.00000000000000000000000000000000000        0.284832290709275652374600991698838957      
   30.0000000000000000000000000000000000         0.00000000000000000000000000000000000        0.226734937483780849781400347747496946         2.26734937483780849781400347747496290E-0002   0.00000000000000000000000000000000000        0.249408431232158934759540382522246565      
   31.0000000000000000000000000000000000         0.00000000000000000000000000000000000        0.198323630477932690768321193592030747         1.98323630477932690768321193592031716E-0002   0.00000000000000000000000000000000000        0.218155993525725959845153312951233928      
   32.0000000000000000000000000000000000         0.00000000000000000000000000000000000        0.173287323239015184065576094188110219         1.73287323239015184065576094188109906E-0002   0.00000000000000000000000000000000000        0.190616055562916702472133703606921221      
   33.0000000000000000000000000000000000         0.00000000000000000000000000000000000        0.151250776463048158289256513416312778         1.51250776463048158289256513416312712E-0002   0.00000000000000000000000000000000000        0.166375854109352974118182164757944058      
   34.0000000000000000000000000000000000         0.00000000000000000000000000000000000        0.131877004217962764686543022990065367         1.31877004217962764686543022990065243E-0002   0.00000000000000000000000000000000000        0.145064704639759041155197325289071898      
   35.0000000000000000000000000000000000         0.00000000000000000000000000000000000        0.114863828698902676647438230908519485         1.14863828698902676647438230908519076E-0002   0.00000000000000000000000000000000000        0.126350211568792944312182053999371393      
   36.0000000000000000000000000000000000         0.00000000000000000000000000000000000         9.99406876929000296402252910941190905E-0002   9.99406876929000296402252910941197044E-0003   0.00000000000000000000000000000000000        0.109934756462190032604247820203531061      
   37.0000000000000000000000000000000000         0.00000000000000000000000000000000000         8.68656831928295760306292144549965306E-0002   8.68656831928295760306292144549960943E-0003   0.00000000000000000000000000000000000         9.55522515121125336336921359004961355E-0002
   38.0000000000000000000000000000000000         0.00000000000000000000000000000000000         7.54228593328563116068187636444938907E-0002   7.54228593328563116068187636444938591E-0003   0.00000000000000000000000000000000000         8.29651452661419427675006400089432713E-0002
   39.0000000000000000000000000000000000         0.00000000000000000000000000000000000         6.54196976396132308641459727031287204E-0002   6.54196976396132308641459727031285849E-0003   0.00000000000000000000000000000000000         7.19616674035745539505605699734415803E-0002
   40.0000000000000000000000000000000000         0.00000000000000000000000000000000000         5.66848175098456548312361119934548616E-0002   5.66848175098456548312361119934549760E-0003   0.00000000000000000000000000000000000         6.23532992608302203143597231928003562E-0002
   41.0000000000000000000000000000000000         0.00000000000000000000000000000000000         4.90658698364550290487123489446883317E-0002   4.90658698364550290487123489446881948E-0003   0.00000000000000000000000000000000000         5.39724568201005319535835838391571504E-0002
   42.0000000000000000000000000000000000         0.00000000000000000000000000000000000         4.24276118072996280436275106336599601E-0002   4.24276118072996280436275106336599721E-0003   0.00000000000000000000000000000000000         4.66703729880295908479902616970259573E-0002
   43.0000000000000000000000000000000000         0.00000000000000000000000000000000000         3.66501510884659982978347463669704244E-0002   3.66501510884659982978347463669703477E-0003   0.00000000000000000000000000000000000         4.03151661973125981276182210036674584E-0002
   44.0000000000000000000000000000000000         0.00000000000000000000000000000000000         3.16273478676951321704766242200780055E-0002   3.16273478676951321704766242200781786E-0003   0.00000000000000000000000000000000000         3.47900826544646453875242866420858211E-0002
   45.0000000000000000000000000000000000         0.00000000000000000000000000000000000         2.72653635646119899808749449287736283E-0002   2.72653635646119899808749449287735546E-0003   0.00000000000000000000000000000000000         2.99918999210731889789624394216509845E-0002
   46.0000000000000000000000000000000000         0.00000000000000000000000000000000000         2.34813454020636135489535786700031358E-0002   2.34813454020636135489535786700031561E-0003   0.00000000000000000000000000000000000         2.58294799422699749038489365370034517E-0002
   47.0000000000000000000000000000000000         0.00000000000000000000000000000000000         2.02022364667431072631501792839326173E-0002   2.02022364667431072631501792839325398E-0003   0.00000000000000000000000000000000000         2.22224601134174179894651972123258724E-0002
   48.0000000000000000000000000000000000         0.00000000000000000000000000000000000         1.73637013571152569148213375293536172E-0002   1.73637013571152569148213375293536890E-0003   0.00000000000000000000000000000000000         1.91000714928267826063034712822889855E-0002
   49.0000000000000000000000000000000000         0.00000000000000000000000000000000000         1.49091580127451327862470692666775661E-0002   1.49091580127451327862470692666775401E-0003   0.00000000000000000000000000000000000         1.64000738140196460648717761933453188E-0002
   50.0000000000000000000000000000000000         0.00000000000000000000000000000000000         1.27889068324867934428694432387175195E-0002   1.27889068324867934428694432387175624E-0003   0.00000000000000000000000000000000000         1.40677975157354727871563875625892754E-0002
   51.0000000000000000000000000000000000         0.00000000000000000000000000000000000         1.09593487115173695888960871635078001E-0002   1.09593487115173695888960871635077174E-0003   0.00000000000000000000000000000000000         1.20552835826691065477856958798585726E-0002
   52.0000000000000000000000000000000000         0.00000000000000000000000000000000000         9.38228415175708665692125318073736397E-0003   9.38228415175708665692125318073737676E-0004   0.00000000000000000000000000000000000         1.03205125669327953226133784988111013E-0002
   53.0000000000000000000000000000000000         0.00000000000000000000000000000000000         8.02428612062846082892131998616935064E-0003   8.02428612062846082892131998616934763E-0004   0.00000000000000000000000000000000000         8.82671473269130691181345198478628465E-0003
   54.0000000000000000000000000000000000         0.00000000000000000000000000000000000         6.85613984416817971677701273594850426E-0003   6.85613984416817971677701273594851630E-0004   0.00000000000000000000000000000000000         7.54175382858499768845471400954335552E-0003
   55.0000000000000000000000000000000000         0.00000000000000000000000000000000000         5.85234321791925024107273953158702535E-0003   5.85234321791925024107273953158703288E-0004   0.00000000000000000000000000000000000         6.43757753971117526518001348474572864E-0003
   56.0000000000000000000000000000000000         0.00000000000000000000000000000000000         4.99066199935764981293031289812279359E-0003   4.99066199935764981293031289812278381E-0004   0.00000000000000000000000000000000000         5.48972819929341479422334418793507160E-0003
   57.0000000000000000000000000000000000         0.00000000000000000000000000000000000         4.25173440618275847939714394412404118E-0003   4.25173440618275847939714394412403788E-0004   0.00000000000000000000000000000000000         4.67690784680103432733685833853644529E-0003
   58.0000000000000000000000000000000000         0.00000000000000000000000000000000000         3.61872018365516804989025260038924422E-0003   3.61872018365516804989025260038925024E-0004   0.00000000000000000000000000000000000         3.98059220202068485487927786042816943E-0003
   59.0000000000000000000000000000000000         0.00000000000000000000000000000000000         3.07698961994122392129676450142377637E-0003   3.07698961994122392129676450142377119E-0004   0.00000000000000000000000000000000000         3.38468858193534631342644095156615344E-0003
   60.0000000000000000000000000000000000         0.00000000000000000000000000000000000         2.61384838029194768290676809663571428E-0003   2.61384838029194768290676809663572086E-0004   0.00000000000000000000000000000000000         2.87523321832114245119744490629928627E-0003
   61.0000000000000000000000000000000000         0.00000000000000000000000000000000000         2.21829439846629681638313898074543453E-0003   2.21829439846629681638313898074543326E-0004   0.00000000000000000000000000000000000         2.44012383831292649802145287881997783E-0003
   62.0000000000000000000000000000000000         0.00000000000000000000000000000000000         1.88080340710375559972565598928588283E-0003   1.88080340710375559972565598928587146E-0004   0.00000000000000000000000000000000000         2.06888374781413115969822158821446993E-0003
   63.0000000000000000000000000000000000         0.00000000000000000000000000000000000         1.59314000806810328263998513623737118E-0003   1.59314000806810328263998513623738007E-0004   0.00000000000000000000000000000000000         1.75245400887491361090398364986110916E-0003
   64.0000000000000000000000000000000000         0.00000000000000000000000000000000000         1.34819147968221302862724794299316451E-0003   1.34819147968221302862724794299316747E-0004   0.00000000000000000000000000000000000         1.48301062765043433148997273729248118E-0003
   65.0000000000000000000000000000000000         0.00000000000000000000000000000000000         1.13982179100921079085652073304703029E-0003   1.13982179100921079085652073304703054E-0004   0.00000000000000000000000000000000000         1.25380397011013186994217280635173335E-0003
   66.0000000000000000000000000000000000         0.00000000000000000000000000000000000         9.62743544814922449187076524221630733E-0004   9.62743544814922449187076524221632779E-0005   0.00000000000000000000000000000000000         1.05901789929641469410578417664379398E-0003
   67.0000000000000000000000000000000000         0.00000000000000000000000000000000000         8.12405801586939237163417494030094348E-0004   8.12405801586939237163417494030093078E-0005   0.00000000000000000000000000000000000         8.93646381745633160879759243433103679E-0004
   68.0000000000000000000000000000000000         0.00000000000000000000000000000000000         6.84895948079076326730098317701420541E-0004   6.84895948079076326730098317701422186E-0005   0.00000000000000000000000000000000000         7.53385542886983959403108149471562783E-0004
   69.0000000000000000000000000000000000         0.00000000000000000000000000000000000         5.76853966435171131200208244224551604E-0004   5.76853966435171131200208244224551251E-0005   0.00000000000000000000000000000000000         6.34539363078688244320229068647006764E-0004
   70.0000000000000000000000000000000000         0.00000000000000000000000000000000000         4.85397635183883851850526784497904355E-0004   4.85397635183883851850526784497903356E-0005   0.00000000000000000000000000000000000         5.33937398702272237035579462947694696E-0004
   71.0000000000000000000000000000000000         0.00000000000000000000000000000000000         4.08057352449342360217222368701384511E-0004   4.08057352449342360217222368701384746E-0005   0.00000000000000000000000000000000000         4.48863087694276596238944605571523009E-0004
   72.0000000000000000000000000000000000         0.00000000000000000000000000000000000         3.42719415739873209697505853213668465E-0004   3.42719415739873209697505853213668124E-0005   0.00000000000000000000000000000000000         3.76991357313860530667256438535035259E-0004
   73.0000000000000000000000000000000000         0.00000000000000000000000000000000000         2.87576722780297759200463075075062873E-0004   2.87576722780297759200463075075063037E-0005   0.00000000000000000000000000000000000         3.16334395058327535120509382582569165E-0004
   74.0000000000000000000000000000000000         0.00000000000000000000000000000000000         2.41085975126696393748411186205770864E-0004   2.41085975126696393748411186205770376E-0005   0.00000000000000000000000000000000000         2.65194572639366033123252304826347911E-0004
   75.0000000000000000000000000000000000         0.00000000000000000000000000000000000         2.01930571785554531814388862620502393E-0004   2.01930571785554531814388862620502346E-0005   0.00000000000000000000000000000000000         2.22123628964109984995827748882552627E-0004
   76.0000000000000000000000000000000000         0.00000000000000000000000000000000000         1.68988474740658913538683440530469777E-0004   1.68988474740658913538683440530470065E-0005   0.00000000000000000000000000000000000         1.85887322214724804892551784583516780E-0004
   77.0000000000000000000000000000000000         0.00000000000000000000000000000000000         1.41304413105502405235619138268393754E-0004   1.41304413105502405235619138268393469E-0005   0.00000000000000000000000000000000000         1.55434854416052645759181052095233097E-0004
   78.0000000000000000000000000000000000         0.00000000000000000000000000000000000         1.18065868444067523811674160452583059E-0004   1.18065868444067523811674160452583115E-0005   0.00000000000000000000000000000000000         1.29872455288474276192841576497841366E-0004
   79.0000000000000000000000000000000000         0.00000000000000000000000000000000000         9.85823514586796070722173539103854675E-0005   9.85823514586796070722173539103854410E-0006   0.00000000000000000000000000000000000         1.08440586604547567779439089301424013E-0004
   80.0000000000000000000000000000000000         0.00000000000000000000000000000000000         8.22675404922625621405691217646635470E-0005   8.22675404922625621405691217646633148E-0006   0.00000000000000000000000000000000000         9.04942945414888183546260339411298829E-0005
   81.0000000000000000000000000000000000         0.00000000000000000000000000000000000         6.86239058387952763721117155591688374E-0005   6.86239058387952763721117155591687727E-0006   0.00000000000000000000000000000000000         7.54862964226748040093228871150857117E-0005
   82.0000000000000000000000000000000000         0.00000000000000000000000000000000000         5.72294913493840719850520280888686577E-0005   5.72294913493840719850520280888688032E-0006   0.00000000000000000000000000000000000         6.29524404843224791835572308977555417E-0005
   83.0000000000000000000000000000000000         0.00000000000000000000000000000000000         4.77265668577648005184769269559742865E-0005   4.77265668577648005184769269559740925E-0006   0.00000000000000000000000000000000000         5.24992235435412805703246196515716987E-0005
   84.0000000000000000000000000000000000         0.00000000000000000000000000000000000         3.98119020725434677060798227211109015E-0005   3.98119020725434677060798227211110426E-0006   0.00000000000000000000000000000000000         4.37930922797978144766878049932220058E-0005
   85.0000000000000000000000000000000000         0.00000000000000000000000000000000000         3.32284452897802858183351726159177154E-0005   3.32284452897802858183351726159176552E-0006   0.00000000000000000000000000000000000         3.65512898187583144001686898775094787E-0005
   86.0000000000000000000000000000000000         0.00000000000000000000000000000000000         2.77582190186350702865991329193083431E-0005   2.77582190186350702865991329193083490E-0006   0.00000000000000000000000000000000000         3.05340409204985773152590462112391766E-0005
   87.0000000000000000000000000000000000         0.00000000000000000000000000000000000         2.32162697921270414544079974422800841E-0005   2.32162697921270414544079974422800238E-0006   0.00000000000000000000000000000000000         2.55378967713397455998487971865080872E-0005
   88.0000000000000000000000000000000000         0.00000000000000000000000000000000000         1.94455314225776148873844274829492978E-0005   1.94455314225776148873844274829492868E-0006   0.00000000000000000000000000000000000         2.13900845648353763761228702312442276E-0005
   89.0000000000000000000000000000000000         0.00000000000000000000000000000000000         1.63124800887117014904235525374677986E-0005   1.63124800887117014904235525374678000E-0006   0.00000000000000000000000000000000000         1.79437280975828716394659077912145778E-0005
   90.0000000000000000000000000000000000         0.00000000000000000000000000000000000         1.37034762073457510739542180290883668E-0005   1.37034762073457510739542180290883808E-0006   0.00000000000000000000000000000000000         1.50738238280803261813496398319972045E-0005
   91.0000000000000000000000000000000000         0.00000000000000000000000000000000000         1.15217023158312483620319518714161559E-0005   1.15217023158312483620319518714161228E-0006   0.00000000000000000000000000000000000         1.26738725474143731982351470585577685E-0005
   92.0000000000000000000000000000000000         0.00000000000000000000000000000000000         9.68461841384736838593088245801636465E-0006   9.68461841384736838593088245801638118E-0007   0.00000000000000000000000000000000000         1.06530802552321052245239707038180026E-0005
   93.0000000000000000000000000000000000         0.00000000000000000000000000000000000         8.12186660276187338156616293859726149E-0006   8.12186660276187338156616293859726829E-0007   0.00000000000000000000000000000000000         8.93405326303806071972277923245698896E-0006
   94.0000000000000000000000000000000000         0.00000000000000000000000000000000000         6.77356561458035506208727364959704399E-0006   6.77356561458035506208727364959705501E-0007   0.00000000000000000000000000000000000         7.45092217603839056829600101455674949E-0006
   95.0000000000000000000000000000000000         0.00000000000000000000000000000000000         5.58894311911418028297634717389541592E-0006   5.58894311911418028297634717389541464E-0007   0.00000000000000000000000000000000000         6.14783743102559831127398189128495730E-0006
   96.0000000000000000000000000000000000         0.00000000000000000000000000000000000         4.52525970025212852061679390371645976E-0006   4.52525970025212852061679390371646168E-0007   0.00000000000000000000000000000000000         4.97778567027734137267847329408810625E-0006
   97.0000000000000000000000000000000000         0.00000000000000000000000000000000000         3.54698324953241704798504150254260886E-0006   3.54698324953241704798504150254261097E-0007   0.00000000000000000000000000000000000         3.90168157448565875278354565279686964E-0006
   98.0000000000000000000000000000000000         0.00000000000000000000000000000000000         2.62517637577024968761000979146150372E-0006   2.62517637577024968761000979146151235E-0007   0.00000000000000000000000000000000000         2.88769401334727465637101077060765487E-0006
   99.0000000000000000000000000000000000         0.00000000000000000000000000000000000         1.73706240228310185314536585261406150E-0006   1.73706240228310185314536585261406292E-0007   0.00000000000000000000000000000000000         1.91076864251141203845990243787546790E-0006
   100.000000000000000000000000000000000         0.00000000000000000000000000000000000         8.65737739871055725749800080489322129E-0007   8.65737739871055725749800080489321808E-0008   0.00000000000000000000000000000000000         9.52311513858161298324780088538254333E-0007
   101.000000000000000000000000000000000         0.00000000000000000000000000000000000         0.00000000000000000000000000000000000         0.00000000000000000000000000000000000         0.00000000000000000000000000000000000         0.00000000000000000000000000000000000      
