   0.00000000000000000000000000000000000         0.00000000000000000000000000000000000         3.15576004213391492214668687665835023E-0003   124.431119185808615264731460205781809         0.00000000000000000000000000000000000         124.434274945850749179653606892658467      
   1.00000000000000000000000000000000000         0.00000000000000000000000000000000000         3.15576004213391492214668687665835023E-0003   115.949610611782374492936955164037275         0.00000000000000000000000000000000000         115.952766371824508407859101850913933      
   2.00000000000000000000000000000000000         0.00000000000000000000000000000000000         3.15576004213391492214668687665835023E-0003   108.061767544450727150799911181746221         0.00000000000000000000000000000000000         108.064923304492861065722057868622880      
   3.00000000000000000000000000000000000         0.00000000000000000000000000000000000         3.15576004213391492214668687665835023E-0003   100.736849028985875633824596177848259         0.00000000000000000000000000000000000         100.740004789028009548746742864724917      
   4.00000000000000000000000000000000000         0.00000000000000000000000000000000000         3.15576004213391492214668687665835023E-0003   93.9447393426040976365839793313163682         0.00000000000000000000000000000000000         93.9478951026462315515061260181930266      
   5.00000000000000000000000000000000000         0.00000000000000000000000000000000000         3.15576004213391492214668687665835023E-0003   87.6560030787306077721904073446143373         0.00000000000000000000000000000000000         87.6591588387727416871125540314909957      
   6.00000000000000000000000000000000000         0.00000000000000000000000000000000000         3.15576004213391492214668687665835023E-0003   81.8419555159855231079188252397877561         0.00000000000000000000000000000000000         81.8451112760276570228409719266644145      
   7.00000000000000000000000000000000000         0.00000000000000000000000000000000000         3.15576004213391492214668687665835023E-0003   76.4747404706493384712905744420628157         0.00000000000000000000000000000000000         76.4778962306914723862127211289394741      
   8.00000000000000000000000000000000000         0.00000000000000000000000000000000000         3.15576004213391492214668687665835023E-0003   71.5274084153185157874074783405420765         0.00000000000000000000000000000000000         71.5305641753606497023296250274187348      
   9.00000000000000000000000000000000000         0.00000000000000000000000000000000000         3.15576004213391492214668687665835023E-0003   66.9739884972819783760066955684044504         0.00000000000000000000000000000000000         66.9771442573241122909288422552811088      
   10.0000000000000000000000000000000000         0.00000000000000000000000000000000000         3.15576004213391492214668687665835023E-0003   62.7895491774487994734500844881659230         0.00000000000000000000000000000000000         62.7927049374909333883722311750425813      
   11.0000000000000000000000000000000000         0.00000000000000000000000000000000000         3.15576004213391492214668687665835023E-0003   58.9502434700507857715635689205080713         0.00000000000000000000000000000000000         58.9533992300929196864857156073847297      
   12.0000000000000000000000000000000000         0.00000000000000000000000000000000000         3.15576004213391492214668687665835023E-0003   55.4333361087783140906180401400448943         0.00000000000000000000000000000000000         55.4364918688204480055401868269215527      
   13.0000000000000000000000000000000000         0.00000000000000000000000000000000000         3.15576004213391492214668687665835023E-0003   52.2172113027761015658910967451619074         0.00000000000000000000000000000000000         52.2203670628182354808132434320385657      
   14.0000000000000000000000000000000000         0.00000000000000000000000000000000000         3.15576004213391492214668687665835023E-0003   49.2813609876015633915861535592107157         0.00000000000000000000000000000000000         49.2845167476436973065083002460873740      
   15.0000000000000000000000000000000000         0.00000000000000000000000000000000000         3.15576004213391492214668687665835023E-0003   46.6063545487808683443999816798669180         0.00000000000000000000000000000000000         46.6095103088230022593221283667435764      
   16.0000000000000000000000000000000000         0.00000000000000000000000000000000000         3.15576004213391492214668687665835023E-0003   44.1737918476853476567679963762473350         0.00000000000000000000000000000000000         44.1769476077274815716901430631239934      
   17.0000000000000000000000000000000000         0.00000000000000000000000000000000000         3.15576004213391492214668687665835023E-0003   41.9662419840900352739529806476493434         0.00000000000000000000000000000000000         41.9693977441321691888751273345260018      
   18.0000000000000000000000000000000000         0.00000000000000000000000000000000000         3.15576004213391492214668687665835023E-0003   39.9671705834437727681103113987359781         0.00000000000000000000000000000000000         39.9703263434859066830324580856126364      
   19.0000000000000000000000000000000000         0.00000000000000000000000000000000000         3.15576004213391492214668687665835023E-0003   38.1608585161621635579163412511796103         0.00000000000000000000000000000000000         38.1640142762042974728384879380562686      
   20.0000000000000000000000000000000000         0.00000000000000000000000000000000000         3.15576004213391492214668687665835023E-0003   36.5323148728741581073142737092223286         0.00000000000000000000000000000000000         36.5354706329162920222364203960989870      
   21.0000000000000000000000000000000000         0.00000000000000000000000000000000000         3.15576004213391492214668687665835023E-0003   35.0671867747329067282626193859820621         0.00000000000000000000000000000000000         35.0703425347750406431847660728587204      
   22.0000000000000000000000000000000000         0.00000000000000000000000000000000000         21.3687847065547145075711963723635408         12.3860392903352836597377774629611454         0.00000000000000000000000000000000000         33.7548239968899981673089738353246846      
   23.0000000000000000000000000000000000         0.00000000000000000000000000000000000         29.6141505727539288907121962423928547         2.96141505727539288907121962423930504         0.00000000000000000000000000000000000         32.5755656300293217797834158666321590      
   24.0000000000000000000000000000000000         0.00000000000000000000000000000000000         28.5781123259946004392692280208962747         2.85781123259946004392692280208962439         0.00000000000000000000000000000000000         31.4359235585940604831961508229859007      
   25.0000000000000000000000000000000000         0.00000000000000000000000000000000000         27.5770395045709401393689717533845945         2.75770395045709401393689717533846569         0.00000000000000000000000000000000000         30.3347434550280341533058689287230598      
   26.0000000000000000000000000000000000         0.00000000000000000000000000000000000         26.6099055217363058079620230849109695         2.66099055217363058079620230849107846         0.00000000000000000000000000000000000         29.2708960739099363887582253934020479      
   27.0000000000000000000000000000000000         0.00000000000000000000000000000000000         25.6757060048000444722383582441062731         2.56757060048000444722383582441064403         0.00000000000000000000000000000000000         28.2432766052800489194621940685169183      
   28.0000000000000000000000000000000000         0.00000000000000000000000000000000000         24.7734582330293696747162142094742067         2.47734582330293696747162142094731883         0.00000000000000000000000000000000000         27.2508040563323066421878356304215263      
   29.0000000000000000000000000000000000         0.00000000000000000000000000000000000         23.9022006010139966742959004344730879         2.39022006010139966742959004344741795         0.00000000000000000000000000000000000         26.2924206611153963417254904779205070      
   30.0000000000000000000000000000000000         0.00000000000000000000000000000000000         23.0609921069905451478221773779051706         2.30609921069905451478221773779049025         0.00000000000000000000000000000000000         25.3670913176895996626043951156956609      
   31.0000000000000000000000000000000000         0.00000000000000000000000000000000000         22.2489118654737177059869237309689104         2.22489118654737177059869237309690714         0.00000000000000000000000000000000000         24.4738030520210894765856161040658187      
   32.0000000000000000000000000000000000         0.00000000000000000000000000000000000         21.4650586434187159792989470354425496         2.14650586434187159792989470354426497         0.00000000000000000000000000000000000         23.6115645077605875772288417389868153      
   33.0000000000000000000000000000000000         0.00000000000000000000000000000000000         20.7085504190424413314464658040357486         2.07085504190424413314464658040353957         0.00000000000000000000000000000000000         22.7794054609466854645911123844392874      
   34.0000000000000000000000000000000000         0.00000000000000000000000000000000000         19.9785239623577657427008638969487851         1.99785239623577657427008638969488802         0.00000000000000000000000000000000000         21.9763763585935423169709502866436725      
   35.0000000000000000000000000000000000         0.00000000000000000000000000000000000         19.2741344364234681350996978124153023         1.92741344364234681350996978124158577         0.00000000000000000000000000000000000         21.2015478800658149486096675936568877      
   36.0000000000000000000000000000000000         0.00000000000000000000000000000000000         18.5945550182801746721646040316400175         1.85945550182801746721646040316395214         0.00000000000000000000000000000000000         20.4540105201081921393810644348039696      
   37.0000000000000000000000000000000000         0.00000000000000000000000000000000000         17.9389765385276670834272146290656329         1.79389765385276670834272146290662053         0.00000000000000000000000000000000000         19.7328741923804337917699360919722523      
   38.0000000000000000000000000000000000         0.00000000000000000000000000000000000         17.3066071384991028287080244840161797         1.73066071384991028287080244840159644         0.00000000000000000000000000000000000         19.0372678523490131115788269324177768      
   39.0000000000000000000000000000000000         0.00000000000000000000000000000000000         16.6966719440009516658855336285445709         1.66966719440009516658855336285448093         0.00000000000000000000000000000000000         18.3663391384010468324740869913990504      
   40.0000000000000000000000000000000000         0.00000000000000000000000000000000000         16.1084127546118026677060579728100100         1.61084127546118026677060579728094835         0.00000000000000000000000000000000000         17.7192540300729829344766637700909589      
   41.0000000000000000000000000000000000         0.00000000000000000000000000000000000         15.5410877475667439822817901511440594         1.55410877475667439822817901511446841         0.00000000000000000000000000000000000         17.0951965223234183805099691662585274      
   42.0000000000000000000000000000000000         0.00000000000000000000000000000000000         14.9939711952949935416913136934019812         1.49939711952949935416913136934020532         0.00000000000000000000000000000000000         16.4933683148244928958604450627421875      
   43.0000000000000000000000000000000000         0.00000000000000000000000000000000000         14.4663531957252224662563258553344385         1.44663531957252224662563258553342066         0.00000000000000000000000000000000000         15.9129885152977447128819584408678588      
   44.0000000000000000000000000000000000         0.00000000000000000000000000000000000         13.9575394145240633918054045104422990         1.39575394145240633918054045104425128         0.00000000000000000000000000000000000         15.3532933559764697309859449614865497      
   45.0000000000000000000000000000000000         0.00000000000000000000000000000000000         13.4668508384872766881119388959849668         1.34668508384872766881119388959848978         0.00000000000000000000000000000000000         14.8135359223360043569231327855834563      
   46.0000000000000000000000000000000000         0.00000000000000000000000000000000000         12.9936235393587474363204268439598316         1.29936235393587474363204268439594807         0.00000000000000000000000000000000000         14.2929858932946221799524695283557803      
   47.0000000000000000000000000000000000         0.00000000000000000000000000000000000         12.5372084474088383969110726501339837         1.25372084474088383969110726501343311         0.00000000000000000000000000000000000         13.7909292921497222366021799151474164      
   48.0000000000000000000000000000000000         0.00000000000000000000000000000000000         12.0969711341597032728147175822277709         1.20969711341597032728147175822278233         0.00000000000000000000000000000000000         13.3066682475756736000961893404505540      
   49.0000000000000000000000000000000000         0.00000000000000000000000000000000000         11.6722916037001801682021285711574532         1.16722916037001801682021285711576974         0.00000000000000000000000000000000000         12.8395207640701981850223414282732233      
   50.0000000000000000000000000000000000         0.00000000000000000000000000000000000         11.2625640920861757461781476262138585         1.12625640920861757461781476262137595         0.00000000000000000000000000000000000         12.3888205012947933207959623888352338      
   51.0000000000000000000000000000000000         0.00000000000000000000000000000000000         10.8671968743734752793376965237957835         1.08671968743734752793376965237957747         0.00000000000000000000000000000000000         11.9539165618108228072714661761753616      
   52.0000000000000000000000000000000000         0.00000000000000000000000000000000000         10.4856120788782433174330347670318227         1.04856120788782433174330347670316717         0.00000000000000000000000000000000000         11.5341732867660676491763382437349899      
   53.0000000000000000000000000000000000         0.00000000000000000000000000000000000         10.1172455083057869969402052921941957         1.01172455083057869969402052921944997         0.00000000000000000000000000000000000         11.1289700591363656966342258214136463      
   54.0000000000000000000000000000000000         0.00000000000000000000000000000000000         9.76154646743020439910119320958865728        0.976154646743020439910119320958848761         0.00000000000000000000000000000000000         10.7377011141732248390113125305475058      
   55.0000000000000000000000000000000000         0.00000000000000000000000000000000000         9.41797759704618163430906084034692259        0.941797759704618163430906084034676100         0.00000000000000000000000000000000000         10.3597753567507997977399669243815982      
   56.0000000000000000000000000000000000         0.00000000000000000000000000000000000         9.08601471394935502029681099597175522        0.908601471394935502029681099597171978         0.00000000000000000000000000000000000         9.99461618534429052232649209556892720      
   57.0000000000000000000000000000000000         0.00000000000000000000000000000000000         8.76514665673330256759159048966606256        0.876514665673330256759159048966624129         0.00000000000000000000000000000000000         9.64166132240663282435074953863268746      
   58.0000000000000000000000000000000000         0.00000000000000000000000000000000000         8.45487513721940981890605560445474906        0.845487513721940981890605560445481416         0.00000000000000000000000000000000000         9.30036265094135080079666116490023105      
   59.0000000000000000000000000000000000         0.00000000000000000000000000000000000         8.15471459736065221242782986629647447        0.815471459736065221242782986629636334         0.00000000000000000000000000000000000         8.97018605709671743367061285292611051      
   60.0000000000000000000000000000000000         0.00000000000000000000000000000000000         7.86419207148187027844763998393385893        0.786419207148187027844763998393372469         0.00000000000000000000000000000000000         8.65061127863005730629240398232723188      
   61.0000000000000000000000000000000000         0.00000000000000000000000000000000000         7.58284705373753585959839679029187772        0.758284705373753585959839679029183131         0.00000000000000000000000000000000000         8.34113175911128944555823646932106134      
   62.0000000000000000000000000000000000         0.00000000000000000000000000000000000         7.31023137068349112425150104612133051        0.731023137068349112425150104612140292         0.00000000000000000000000000000000000         8.04125450775184023667665115073347118      
   63.0000000000000000000000000000000000         0.00000000000000000000000000000000000         7.04590905887187851397758171644309099        0.704590905887187851397758171644320250         0.00000000000000000000000000000000000         7.75049996475906636537533988808741134      
   64.0000000000000000000000000000000000         0.00000000000000000000000000000000000         6.78945624738867173549521158483666772        0.678945624738867173549521158483648938         0.00000000000000000000000000000000000         7.46840187212753890904473274332031685      
   65.0000000000000000000000000000000000         0.00000000000000000000000000000000000         6.54046104526107522762086868017889553        0.654046104526107522762086868017889977         0.00000000000000000000000000000000000         7.19450714978718275038295554819678532      
   66.0000000000000000000000000000000000         0.00000000000000000000000000000000000         6.29852343366779477162792683760129384        0.629852343366779477162792683760134391         0.00000000000000000000000000000000000         6.92837577703457424879071952136142861      
   67.0000000000000000000000000000000000         0.00000000000000000000000000000000000         6.06325516288900692251304704776613021        0.606325516288900692251304704776598962         0.00000000000000000000000000000000000         6.66958067917790761476435175254272898      
   68.0000000000000000000000000000000000         0.00000000000000000000000000000000000         5.83427965393497789494425143361337046        0.583427965393497789494425143361347561         0.00000000000000000000000000000000000         6.41770761932847568443867657697471821      
   69.0000000000000000000000000000000000         0.00000000000000000000000000000000000         5.61123190479290549911896295273441112        0.561123190479290549911896295273439860         0.00000000000000000000000000000000000         6.17235509527219604903085924800785069      
   70.0000000000000000000000000000000000         0.00000000000000000000000000000000000         5.39375840123087466589726790577123720        0.539375840123087466589726790577120812         0.00000000000000000000000000000000000         5.93313424135396213248699469634835791      
   71.0000000000000000000000000000000000         0.00000000000000000000000000000000000         5.18151703209601239380296841300397998        0.518151703209601239380296841300396149         0.00000000000000000000000000000000000         5.69966873530561363318326525430437574      
   72.0000000000000000000000000000000000         0.00000000000000000000000000000000000         4.97417700904117520298434701791494053        0.497417700904117520298434701791495700         0.00000000000000000000000000000000000         5.47159470994529272328278171970643590      
   73.0000000000000000000000000000000000         0.00000000000000000000000000000000000         4.77141879061096344170833926200743484        0.477141879061096344170833926200744957         0.00000000000000000000000000000000000         5.24856066967205978587917318820817955      
   74.0000000000000000000000000000000000         0.00000000000000000000000000000000000         4.57293401061368203729803956621286235        0.457293401061368203729803956621282990         0.00000000000000000000000000000000000         5.03022741167505024102784352283414519      
   75.0000000000000000000000000000000000         0.00000000000000000000000000000000000         4.37842541070119416737246365516110703        0.437842541070119416737246365516107747         0.00000000000000000000000000000000000         4.81626795177131358410971002067721473      
   76.0000000000000000000000000000000000         0.00000000000000000000000000000000000         4.18760677707356813416396358750119230        0.418760677707356813416396358750115965         0.00000000000000000000000000000000000         4.60636745478092494758035994625130860      
   77.0000000000000000000000000000000000         0.00000000000000000000000000000000000         4.00020288122011151211765510433903939        0.400020288122011151211765510433912153         0.00000000000000000000000000000000000         4.40022316934212266332942061477295188      
   78.0000000000000000000000000000000000         0.00000000000000000000000000000000000         3.81594942460292152123391330481774452        0.381594942460292152123391330481767298         0.00000000000000000000000000000000000         4.19754436706321367335730463529951197      
   79.0000000000000000000000000000000000         0.00000000000000000000000000000000000         3.63459298718354612774939983483212409        0.363459298718354612774939983483224821         0.00000000000000000000000000000000000         3.99805228590190074052433981831534905      
   80.0000000000000000000000000000000000         0.00000000000000000000000000000000000         3.45589097968782511059493822480563590        0.345589097968782511059493822480556811         0.00000000000000000000000000000000000         3.80148007765660762165443204728619290      
   81.0000000000000000000000000000000000         0.00000000000000000000000000000000000         3.27961159949853228428130375516912859        0.327961159949853228428130375516906830         0.00000000000000000000000000000000000         3.60757275944838551270943413068603532      
   82.0000000000000000000000000000000000         0.00000000000000000000000000000000000         3.10553379006012737600791220078448072        0.310553379006012737600791220078449035         0.00000000000000000000000000000000000         3.41608716906614011360870342086292976      
   83.0000000000000000000000000000000000         0.00000000000000000000000000000000000         2.93344720367479760334289442360709906        0.293344720367479760334289442360714056         0.00000000000000000000000000000000000         3.22679192404227736367718386596781316      
   84.0000000000000000000000000000000000         0.00000000000000000000000000000000000         2.76315216756406507277743470009526391        0.276315216756406507277743470009523223         0.00000000000000000000000000000000000         3.03946738432047158005517817010478718      
   85.0000000000000000000000000000000000         0.00000000000000000000000000000000000         2.59445965306558905458682585218771993        0.259445965306558905458682585218777309         0.00000000000000000000000000000000000         2.85390561837214796004550843740649724      
   86.0000000000000000000000000000000000         0.00000000000000000000000000000000000         2.42719124783042702155050948125754760        0.242719124783042702155050948125753239         0.00000000000000000000000000000000000         2.66991037261346972370556042938330074      
   87.0000000000000000000000000000000000         0.00000000000000000000000000000000000         2.26117913088195343857231255057699227        0.226117913088195343857231255057699227         0.00000000000000000000000000000000000         2.48729704397014878242954380563469150      
   88.0000000000000000000000000000000000         0.00000000000000000000000000000000000         2.09626605039388297682259229906827763        0.209626605039388297682259229906827686         0.00000000000000000000000000000000000         2.30589265543327127450485152897510532      
   89.0000000000000000000000000000000000         0.00000000000000000000000000000000000         1.93230530404141195926084741255318298        0.193230530404141195926084741255322507         0.00000000000000000000000000000000000         2.12553583444555315518693215380850544      
   90.0000000000000000000000000000000000         0.00000000000000000000000000000000000         1.76916072177638038661926381672702482        0.176916072177638038661926381672705627         0.00000000000000000000000000000000000         1.94607679395401842528119019839973043      
   91.0000000000000000000000000000000000         0.00000000000000000000000000000000000         1.60670665087456444230256393390612742        0.160670665087456444230256393390612232         0.00000000000000000000000000000000000         1.76737731596202088653282032729673961      
   92.0000000000000000000000000000000000         0.00000000000000000000000000000000000         1.44482794310072966698630542039824499        0.144482794310072966698630542039826814         0.00000000000000000000000000000000000         1.58931073741080263368493596243807178      
   93.0000000000000000000000000000000000         0.00000000000000000000000000000000000         1.28341994383489837213167827171269198        0.128341994383489837213167827171265168         0.00000000000000000000000000000000000         1.41176193821838820934484609888395707      
   94.0000000000000000000000000000000000         0.00000000000000000000000000000000000         1.12238848300139871407937430485148619        0.112238848300139871407937430485150627         0.00000000000000000000000000000000000         1.23462733130153858548731173533663689      
   95.0000000000000000000000000000000000         0.00000000000000000000000000000000000        0.961649867640652014608987339237905411         9.61649867640652014608987339237898526E-0002   0.00000000000000000000000000000000000         1.05781485440471721606988607316169529      
   96.0000000000000000000000000000000000         0.00000000000000000000000000000000000        0.801130875962302050712606198337147509         8.01130875962302050712606198337159113E-0002   0.00000000000000000000000000000000000        0.881243963558532255783866818170863396      
   97.0000000000000000000000000000000000         0.00000000000000000000000000000000000        0.640768752717175971586996260446479200         6.40768752717175971586996260446472387E-0002   0.00000000000000000000000000000000000        0.704845627988893568745695886491126475      
   98.0000000000000000000000000000000000         0.00000000000000000000000000000000000        0.480511205724670536135864840652047137         4.80511205724670536135864840652044754E-0002   0.00000000000000000000000000000000000        0.528562326297137589749451324717251601      
   99.0000000000000000000000000000000000         0.00000000000000000000000000000000000        0.320316403391457557889636252327145384         3.20316403391457557889636252327147526E-0002   0.00000000000000000000000000000000000        0.352348043730603313678599877559860148      
   100.000000000000000000000000000000000         0.00000000000000000000000000000000000        0.160152973056875862312556054375055359         1.60152973056875862312556054375056226E-0002   0.00000000000000000000000000000000000        0.176168270362563448543811659812560994      
   101.000000000000000000000000000000000         0.00000000000000000000000000000000000         0.00000000000000000000000000000000000         0.00000000000000000000000000000000000         0.00000000000000000000000000000000000         0.00000000000000000000000000000000000      
