   0.00000000000000000000000000000000000         0.00000000000000000000000000000000000         3.15576004213391492214668687665835023E-0003   99.8673829223004472079822635809348473         0.00000000000000000000000000000000000         99.8705386823425811229044102678115056      
   1.00000000000000000000000000000000000         0.00000000000000000000000000000000000         3.15576004213391492214668687665835023E-0003   92.3107767876250496099615511119287803         0.00000000000000000000000000000000000         92.3139325476671835248836977988054387      
   2.00000000000000000000000000000000000         0.00000000000000000000000000000000000         3.15576004213391492214668687665835023E-0003   85.3414068158759739544639111969863109         0.00000000000000000000000000000000000         85.3445625759181078693860578838629692      
   3.00000000000000000000000000000000000         0.00000000000000000000000000000000000         3.15576004213391492214668687665835023E-0003   78.9232081681887646777664643646313007         0.00000000000000000000000000000000000         78.9263639282308985926886110515079590      
   4.00000000000000000000000000000000000         0.00000000000000000000000000000000000         3.15576004213391492214668687665835023E-0003   73.0218042921901409691066685815167687         0.00000000000000000000000000000000000         73.0249600522322748840288152683934270      
   5.00000000000000000000000000000000000         0.00000000000000000000000000000000000         3.15576004213391492214668687665835023E-0003   67.6044858794431398955386268941735729         0.00000000000000000000000000000000000         67.6076416394852738104607735810502313      
   6.00000000000000000000000000000000000         0.00000000000000000000000000000000000         3.15576004213391492214668687665835023E-0003   62.6401799848834301449471871030201632         0.00000000000000000000000000000000000         62.6433357449255640598693337898968215      
   7.00000000000000000000000000000000000         0.00000000000000000000000000000000000         3.15576004213391492214668687665835023E-0003   58.0994098417141984508074131462461555         0.00000000000000000000000000000000000         58.1025656017563323657295598331228138      
   8.00000000000000000000000000000000000         0.00000000000000000000000000000000000         3.15576004213391492214668687665835023E-0003   53.9542459819845373896824254761050362         0.00000000000000000000000000000000000         53.9574017420266713046045721629816946      
   9.00000000000000000000000000000000000         0.00000000000000000000000000000000000         3.15576004213391492214668687665835023E-0003   50.1782493504019597366560706190312878         0.00000000000000000000000000000000000         50.1814051104440936515782173059079462      
   10.0000000000000000000000000000000000         0.00000000000000000000000000000000000         3.15576004213391492214668687665835023E-0003   46.7464071676737561994738462450951990         0.00000000000000000000000000000000000         46.7495629277158901143959929319718573      
   11.0000000000000000000000000000000000         0.00000000000000000000000000000000000         3.15576004213391492214668687665835023E-0003   43.6350623531260281735442777241382564         0.00000000000000000000000000000000000         43.6382181131681620884664244110149147      
   12.0000000000000000000000000000000000         0.00000000000000000000000000000000000         3.15576004213391492214668687665835023E-0003   40.8218373502042497659060093827391147         0.00000000000000000000000000000000000         40.8249931102463836808281560696157731      
   13.0000000000000000000000000000000000         0.00000000000000000000000000000000000         3.15576004213391492214668687665835023E-0003   38.2855532105996859241217291070877907         0.00000000000000000000000000000000000         38.2887089706418198390438757939644491      
   14.0000000000000000000000000000000000         0.00000000000000000000000000000000000         3.15576004213391492214668687665835023E-0003   36.0061447829335346249457613350163760         0.00000000000000000000000000000000000         36.0093005429756685398679080218930343      
   15.0000000000000000000000000000000000         0.00000000000000000000000000000000000         3.15576004213391492214668687665835023E-0003   33.9645728214243955877216823338215539         0.00000000000000000000000000000000000         33.9677285814665295026438290206982123      
   16.0000000000000000000000000000000000         0.00000000000000000000000000000000000         3.15576004213391492214668687665835023E-0003   32.1427337811198096520478986183029494         0.00000000000000000000000000000000000         32.1458895411619435669700453051796077      
   17.0000000000000000000000000000000000         0.00000000000000000000000000000000000         3.15576004213391492214668687665835023E-0003   30.5233680021501694064938224919133614         0.00000000000000000000000000000000000         30.5265237621923033214159691787900198      
   18.0000000000000000000000000000000000         0.00000000000000000000000000000000000         3.15576004213391492214668687665835023E-0003   29.0899669094752765100882385701513968         0.00000000000000000000000000000000000         29.0931226695174104250103852570280552      
   19.0000000000000000000000000000000000         0.00000000000000000000000000000000000         1.55518325425245930052696625315117809         26.2746522759896558613158392646948522         0.00000000000000000000000000000000000         27.8298355302421151618428055178460296      
   20.0000000000000000000000000000000000         0.00000000000000000000000000000000000         24.2921602009474966240490734164522574         2.42921602009474966240490734164515656         0.00000000000000000000000000000000000         26.7213762210422462864539807580974148      
   21.0000000000000000000000000000000000         0.00000000000000000000000000000000000         23.3218677270201858514568786773948102         2.33218677270201858514568786773958071         0.00000000000000000000000000000000000         25.6540544997222044366025665451343917      
   22.0000000000000000000000000000000000         0.00000000000000000000000000000000000         22.3877800975002210030219394383559687         2.23877800975002210030219394383546714         0.00000000000000000000000000000000000         24.6265581072502431033241333821914359      
   23.0000000000000000000000000000000000         0.00000000000000000000000000000000000         21.4887350287065896790049047717128598         2.14887350287065896790049047717136795         0.00000000000000000000000000000000000         23.6376085315772486469053952488842278      
   24.0000000000000000000000000000000000         0.00000000000000000000000000000000000         20.6236002361681881041904790291583033         2.06236002361681881041904790291583788         0.00000000000000000000000000000000000         22.6859602597850069146095269320741419      
   25.0000000000000000000000000000000000         0.00000000000000000000000000000000000         19.7912727622546046479570617230719723         1.97912727622546046479570617230717690         0.00000000000000000000000000000000000         21.7704000384800651127527678953791492      
   26.0000000000000000000000000000000000         0.00000000000000000000000000000000000         18.9906783118908675074983774183291120         1.89906783118908675074983774183291825         0.00000000000000000000000000000000000         20.8897461430799542582482151601620297      
   27.0000000000000000000000000000000000         0.00000000000000000000000000000000000         18.2207705968931194885356212084094193         1.82207705968931194885356212084091905         0.00000000000000000000000000000000000         20.0428476565824314373891833292503372      
   28.0000000000000000000000000000000000         0.00000000000000000000000000000000000         17.4805306894139257474458761280235278         1.74805306894139257474458761280232205         0.00000000000000000000000000000000000         19.2285837583553183221904637408258510      
   29.0000000000000000000000000000000000         0.00000000000000000000000000000000000         16.7689663849403958452422148871392876         1.67689663849403958452422148871397268         0.00000000000000000000000000000000000         18.4458630234344354297664363758532595      
   30.0000000000000000000000000000000000         0.00000000000000000000000000000000000         16.0851115752454706484935542171852310         1.60851115752454706484935542171848820         0.00000000000000000000000000000000000         17.6936227327700177133429096389037196      
   31.0000000000000000000000000000000000         0.00000000000000000000000000000000000         15.4280256316525285539086870874691132         1.54280256316525285539086870874692441         0.00000000000000000000000000000000000         16.9708281948177814092995557962160383      
   32.0000000000000000000000000000000000         0.00000000000000000000000000000000000         14.7967927989358279910906567365005023         1.47967927989358279910906567365008683         0.00000000000000000000000000000000000         16.2764720788294107901997224101505888      
   33.0000000000000000000000000000000000         0.00000000000000000000000000000000000         14.1905216001441333852351487029726515         1.41905216001441333852351487029725255         0.00000000000000000000000000000000000         15.6095737601585467237586635732699038      
   34.0000000000000000000000000000000000         0.00000000000000000000000000000000000         13.6083442526020669848417551042130112         1.36083442526020669848417551042128156         0.00000000000000000000000000000000000         14.9691786778622736833259306146342928      
   35.0000000000000000000000000000000000         0.00000000000000000000000000000000000         13.0494160953131769214026587861374768         1.30494160953131769214026587861375596         0.00000000000000000000000000000000000         14.3543577048444946135429246647512322      
   36.0000000000000000000000000000000000         0.00000000000000000000000000000000000         12.5129150279602931167817684824701803         1.25129150279602931167817684824699673         0.00000000000000000000000000000000000         13.7642065307563224284599453307171772      
   37.0000000000000000000000000000000000         0.00000000000000000000000000000000000         11.9980409616723326870880003136269123         1.19980409616723326870880003136272925         0.00000000000000000000000000000000000         13.1978450578395659557968003449896418      
   38.0000000000000000000000000000000000         0.00000000000000000000000000000000000         11.5040152817021877243259594358626253         1.15040152817021877243259594358624131         0.00000000000000000000000000000000000         12.6544168098724064967585553794488664      
   39.0000000000000000000000000000000000         0.00000000000000000000000000000000000         11.0300803221375518889496570670773829         1.10300803221375518889496570670776332         0.00000000000000000000000000000000000         12.1330883543513070778446227737851466      
   40.0000000000000000000000000000000000         0.00000000000000000000000000000000000         10.5754988527453895463549371146150341         1.05754988527453895463549371146147875         0.00000000000000000000000000000000000         11.6330487380199285009904308260765136      
   41.0000000000000000000000000000000000         0.00000000000000000000000000000000000         10.1395535780310953861395684604833517         1.01395535780310953861395684604836598         0.00000000000000000000000000000000000         11.1535089358342049247535253065317169      
   42.0000000000000000000000000000000000         0.00000000000000000000000000000000000         9.72154664857510970108409771884688583        0.972154664857510970108409771884673330         0.00000000000000000000000000000000000         10.6937013134326206711925074907315592      
   43.0000000000000000000000000000000000         0.00000000000000000000000000000000000         9.32079918469272493166462145373404038        0.932079918469272493166462145373389093         0.00000000000000000000000000000000000         10.2528791031619974248310835991074295      
   44.0000000000000000000000000000000000         0.00000000000000000000000000000000000         8.93665081244692778542492492048880204        0.893665081244692778542492492048913888         0.00000000000000000000000000000000000         9.83031589369162056396741741253771583      
   45.0000000000000000000000000000000000         0.00000000000000000000000000000000000         8.56845921202925895988195085776181076        0.856845921202925895988195085776152496         0.00000000000000000000000000000000000         9.42530513323218485587014594353796365      
   46.0000000000000000000000000000000000         0.00000000000000000000000000000000000         8.21559967850973621023438399504674916        0.821559967850973621023438399504682253         0.00000000000000000000000000000000000         9.03715964636070983125782239455143131      
   47.0000000000000000000000000000000000         0.00000000000000000000000000000000000         7.87746469494377985896828567775073285        0.787746469494377985896828567775092410         0.00000000000000000000000000000000000         8.66521116443815784486511424552582594      
   48.0000000000000000000000000000000000         0.00000000000000000000000000000000000         7.55346351781171347039536681532836321        0.755346351781171347039536681532817909         0.00000000000000000000000000000000000         8.30880986959288481743490349686118112      
   49.0000000000000000000000000000000000         0.00000000000000000000000000000000000         7.24302177475470409658848470118992459        0.724302177475470409658848470119017361         0.00000000000000000000000000000000000         7.96732395223017450624733317130894224      
   50.0000000000000000000000000000000000         0.00000000000000000000000000000000000         6.94558107455988126417602559576282916        0.694558107455988126417602559576276599         0.00000000000000000000000000000000000         7.64013918201586939059362815533910576      
   51.0000000000000000000000000000000000         0.00000000000000000000000000000000000         6.66059862933676394721851423529710303        0.666059862933676394721851423529708242         0.00000000000000000000000000000000000         7.32665849227044034194036565882681156      
   52.0000000000000000000000000000000000         0.00000000000000000000000000000000000         6.38754688881696949423962516929131070        0.638754688881696949423962516929130569         0.00000000000000000000000000000000000         7.02630157769866644366358768622044146      
   53.0000000000000000000000000000000000         0.00000000000000000000000000000000000         6.12591318669942409769149029937307850        0.612591318669942409769149029937315072         0.00000000000000000000000000000000000         6.73850450536936650746063932931039328      
   54.0000000000000000000000000000000000         0.00000000000000000000000000000000000         5.87519939895389382842336202109190717        0.587519939895389382842336202109180028         0.00000000000000000000000000000000000         6.46271933884928321126569822320108748      
   55.0000000000000000000000000000000000         0.00000000000000000000000000000000000         5.63492161398656778587069521135002008        0.563492161398656778587069521134990472         0.00000000000000000000000000000000000         6.19841377538522456445776473248501045      
   56.0000000000000000000000000000000000         0.00000000000000000000000000000000000         5.40460981456261583212756242364270116        0.540460981456261583212756242364277647         0.00000000000000000000000000000000000         5.94507079601887741534031866600697852      
   57.0000000000000000000000000000000000         0.00000000000000000000000000000000000         5.18380757137208361383130467254610814        0.518380757137208361383130467254606057         0.00000000000000000000000000000000000         5.70218832850929197521443513980071410      
   58.0000000000000000000000000000000000         0.00000000000000000000000000000000000         4.97207174811715328439105541498106594        0.497207174811715328439105541498116600         0.00000000000000000000000000000000000         5.46927892292886861283016095647918240      
   59.0000000000000000000000000000000000         0.00000000000000000000000000000000000         4.76897221799067047444442570252868986        0.476897221799067047444442570252864152         0.00000000000000000000000000000000000         5.24586943978973752188886827278155392      
   60.0000000000000000000000000000000000         0.00000000000000000000000000000000000         4.57409159140790193703939357007659838        0.457409159140790193703939357007651692         0.00000000000000000000000000000000000         5.03150075054869213074333292708424998      
   61.0000000000000000000000000000000000         0.00000000000000000000000000000000000         4.38702495484573315411889204183271135        0.438702495484573315411889204183272704         0.00000000000000000000000000000000000         4.82572745033030646953078124601598372      
   62.0000000000000000000000000000000000         0.00000000000000000000000000000000000         4.20737962063593375323509413765845172        0.420737962063593375323509413765854051         0.00000000000000000000000000000000000         4.62811758269952712855860355142430568      
   63.0000000000000000000000000000000000         0.00000000000000000000000000000000000         4.03477488755170661932556022130034956        0.403477488755170661932556022130033290         0.00000000000000000000000000000000000         4.43825237630687728125811624343038251      
   64.0000000000000000000000000000000000         0.00000000000000000000000000000000000         3.86884181201949249702138675185448212        0.386884181201949249702138675185444765         0.00000000000000000000000000000000000         4.25572599322144174672352542703992718      
   65.0000000000000000000000000000000000         0.00000000000000000000000000000000000         3.70922298978092629017622687556823775        0.370922298978092629017622687556813953         0.00000000000000000000000000000000000         4.08014528875901891919384956312505151      
   66.0000000000000000000000000000000000         0.00000000000000000000000000000000000         3.55557234782293664101078535748263603        0.355557234782293664101078535748279348         0.00000000000000000000000000000000000         3.91112958260523030511186389323091524      
   67.0000000000000000000000000000000000         0.00000000000000000000000000000000000         3.40755494638725064805548847174149510        0.340755494638725064805548847174142451         0.00000000000000000000000000000000000         3.74831044102597571286103731891563760      
   68.0000000000000000000000000000000000         0.00000000000000000000000000000000000         3.26484679086401582717957261036142406        0.326484679086401582717957261036140143         0.00000000000000000000000000000000000         3.59133146995041740989752987139756416      
   69.0000000000000000000000000000000000         0.00000000000000000000000000000000000         3.12713465336788751411861728649796313        0.312713465336788751411861728649793270         0.00000000000000000000000000000000000         3.43984811870467626553047901514775640      
   70.0000000000000000000000000000000000         0.00000000000000000000000000000000000         2.99411590378875825299810563898356154        0.299411590378875825299810563898352475         0.00000000000000000000000000000000000         3.29352749416763407829791620288191392      
   71.0000000000000000000000000000000000         0.00000000000000000000000000000000000         2.86549835010333297394964787290946384        0.286549835010333297394964787290949167         0.00000000000000000000000000000000000         3.15204818511366627134461266020041315      
   72.0000000000000000000000000000000000         0.00000000000000000000000000000000000         2.74100008772798661438417659410251619        0.274100008772798661438417659410247883         0.00000000000000000000000000000000000         3.01510009650078527582259425351276407      
   73.0000000000000000000000000000000000         0.00000000000000000000000000000000000         2.62034935768778577189369913833917874        0.262034935768778577189369913833921428         0.00000000000000000000000000000000000         2.88238429345656434908306905217310032      
   74.0000000000000000000000000000000000         0.00000000000000000000000000000000000         2.50328441337121910509152580749630078        0.250328441337121910509152580749623684         0.00000000000000000000000000000000000         2.75361285470834101560067838824592447      
   75.0000000000000000000000000000000000         0.00000000000000000000000000000000000         2.38955339563506809968183610620802310        0.238955339563506809968183610620804458         0.00000000000000000000000000000000000         2.62850873519857490965001971682882741      
   76.0000000000000000000000000000000000         0.00000000000000000000000000000000000         2.27891421601896539856895881816204337        0.227891421601896539856895881816205112         0.00000000000000000000000000000000000         2.50680563762086193842585469997824855      
   77.0000000000000000000000000000000000         0.00000000000000000000000000000000000         2.17113444782453628395798450621937113        0.217113444782453628395798450621936255         0.00000000000000000000000000000000000         2.38824789260698991235378295684130743      
   78.0000000000000000000000000000000000         0.00000000000000000000000000000000000         2.06599122480960335368609868116042260        0.206599122480960335368609868116040296         0.00000000000000000000000000000000000         2.27259034729056368905470854927646309      
   79.0000000000000000000000000000000000         0.00000000000000000000000000000000000         1.96327114724375727351658157470538034        0.196327114724375727351658157470543278         0.00000000000000000000000000000000000         2.15959826196813300086823973217592360      
   80.0000000000000000000000000000000000         0.00000000000000000000000000000000000         1.86277019506765904583484127764945220        0.186277019506765904583484127764942273         0.00000000000000000000000000000000000         2.04904721457442495041832540541439447      
   81.0000000000000000000000000000000000         0.00000000000000000000000000000000000         1.76429364789474183023595470858412879        0.176429364789474183023595470858409268         0.00000000000000000000000000000000000         1.94072301268421601325955017944253811      
   82.0000000000000000000000000000000000         0.00000000000000000000000000000000000         1.66765601159052226842410006534364494        0.166765601159052226842410006534364451         0.00000000000000000000000000000000000         1.83442161274957449526651007187800942      
   83.0000000000000000000000000000000000         0.00000000000000000000000000000000000         1.57268095116151075838411593326420988        0.157268095116151075838411593326422615         0.00000000000000000000000000000000000         1.72994904627766183422252752659063254      
   84.0000000000000000000000000000000000         0.00000000000000000000000000000000000         1.47920122968272442548259992084828462        0.147920122968272442548259992084827215         0.00000000000000000000000000000000000         1.62712135265099686803085991293311181      
   85.0000000000000000000000000000000000         0.00000000000000000000000000000000000         1.38705865299005189024449824178925927        0.138705865299005189024449824178927034         0.00000000000000000000000000000000000         1.52576451828905707926894806596818635      
   86.0000000000000000000000000000000000         0.00000000000000000000000000000000000         1.29610401986119061147380582414372827        0.129610401986119061147380582414368099         0.00000000000000000000000000000000000         1.42571442184730967262118640655809632      
   87.0000000000000000000000000000000000         0.00000000000000000000000000000000000         1.20619707740656994645037596959842951        0.120619707740656994645037596959845185         0.00000000000000000000000000000000000         1.32681678514722694109541356655827469      
   88.0000000000000000000000000000000000         0.00000000000000000000000000000000000         1.11720648138957960263441495211844777        0.111720648138957960263441495211843935         0.00000000000000000000000000000000000         1.22892712952853756289785644733029169      
   89.0000000000000000000000000000000000         0.00000000000000000000000000000000000         1.02900976119353652493697988073274729        0.102900976119353652493697988073276450         0.00000000000000000000000000000000000         1.13191073731289017743067786880602365      
   90.0000000000000000000000000000000000         0.00000000000000000000000000000000000        0.941493289151135375835947537155533030         9.41493289151135375835947537155529780E-0002   0.00000000000000000000000000000000000         1.03564261806624891341954229087108600      
   91.0000000000000000000000000000000000         0.00000000000000000000000000000000000        0.854552253950629828810857537302708974         8.54552253950629828810857537302696287E-0002   0.00000000000000000000000000000000000        0.940007479345692811691943291032978638      
   92.0000000000000000000000000000000000         0.00000000000000000000000000000000000        0.768090637831674476786450875010559712         7.68090637831674476786450875010573386E-0002   0.00000000000000000000000000000000000        0.844899701614841924465095962511617051      
   93.0000000000000000000000000000000000         0.00000000000000000000000000000000000        0.682021197282610248785270707845591778         6.82021197282610248785270707845584339E-0002   0.00000000000000000000000000000000000        0.750223317010871273663797778630150224      
   94.0000000000000000000000000000000000         0.00000000000000000000000000000000000        0.596265446949989308489247821773255517         5.96265446949989308489247821773255818E-0002   0.00000000000000000000000000000000000        0.655891991644988239338172603950581117      
   95.0000000000000000000000000000000000         0.00000000000000000000000000000000000        0.510753646470297504023822422475320387         5.10753646470297504023822422475317198E-0002   0.00000000000000000000000000000000000        0.561829011117327254426204664722852089      
   96.0000000000000000000000000000000000         0.00000000000000000000000000000000000        0.425424789933132181622105152492441956         4.25424789933132181622105152492440271E-0002   0.00000000000000000000000000000000000        0.467967268926445399784315667741685959      
   97.0000000000000000000000000000000000         0.00000000000000000000000000000000000        0.340226597684518862462614432643328415         3.40226597684518862462614432643322445E-0002   0.00000000000000000000000000000000000        0.374249257452970748708875875907660636      
   98.0000000000000000000000000000000000         0.00000000000000000000000000000000000        0.255115510178589923683851559071695012         2.55115510178589923683851559071698515E-0002   0.00000000000000000000000000000000000        0.280627061196448916052236714978864845      
   99.0000000000000000000000000000000000         0.00000000000000000000000000000000000        0.170056683585489798967973751319540922         1.70056683585489798967973751319539129E-0002   0.00000000000000000000000000000000000        0.187062351944038778864771126451494829      
   100.000000000000000000000000000000000         0.00000000000000000000000000000000000         8.50239868631019101054687681993163411E-0002   8.50239868631019101054687681993155105E-0003   0.00000000000000000000000000000000000         9.35263855494121011160156450192478861E-0002
   101.000000000000000000000000000000000         0.00000000000000000000000000000000000         0.00000000000000000000000000000000000         0.00000000000000000000000000000000000         0.00000000000000000000000000000000000         0.00000000000000000000000000000000000      
